0 0.901302083333 0.744907407407 0.071354166667 0.306481481481
0 0.523697916667 0.739814814815 0.142187500000 0.316666666667
0 0.832812500000 0.749074074074 0.139583333333 0.300000000000
0 0.954166666667 0.732870370370 0.091666666667 0.330555555556
0 0.245833333333 0.733796296296 0.168750000000 0.326851851852
0 0.080208333333 0.744444444444 0.115625000000 0.305555555556
0 0.671875000000 0.736574074074 0.152083333333 0.325000000000
0 0.385937500000 0.739814814815 0.154166666667 0.314814814815
0 0.754687500000 0.762037037037 0.070833333333 0.272222222222
0 0.155468750000 0.758333333333 0.080729166667 0.277777777778
0 0.046052083333 0.654425925926 0.065697916667 0.102925925926
0 0.185085937500 0.661439814815 0.042192708333 0.054583333333
0 0.621010416667 0.760467592593 0.075437500000 0.268231481481
