0 0.297963867188 0.402382697947 0.069560546875 0.187404692082
0 0.475434570312 0.472653958944 0.099462890625 0.288914956012
0 0.527597656250 0.500733137830 0.106718750000 0.324780058651
0 0.593061523438 0.532778592375 0.118115234375 0.311950146628
0 0.234907226562 0.382866568915 0.038349609375 0.163973607038
0 0.256381835938 0.396510263930 0.056513671875 0.187448680352
0 0.807949218750 0.680212609971 0.286035156250 0.542712609971
0 0.337939453125 0.417023460411 0.083203125000 0.216686217009
0 0.403925781250 0.459479472141 0.094257812500 0.262565982405
0 0.659248046875 0.582998533724 0.167910156250 0.378196480938
