0 0.115541992188 0.739641288433 0.040888671875 0.199399707174
0 0.481176757812 0.704311859444 0.040888671875 0.148740849195
0 0.535405273438 0.701398243045 0.038740234375 0.150029282577
0 0.162993164062 0.729633967789 0.029912109375 0.186500732064
0 0.390034179688 0.692042459736 0.041962890625 0.130029282577
0 0.826791992188 0.723462664714 0.043466796875 0.199487554905
0 0.755556640625 0.707086383602 0.043906250000 0.179326500732
0 0.697666015625 0.709743777452 0.038300781250 0.162386530015
0 0.644082031250 0.708960468521 0.030996093750 0.152327964861
0 0.594262695312 0.702020497804 0.035947265625 0.150746705710
0 0.434365234375 0.698821376281 0.037656250000 0.159077598829
