0 0.330010493179 0.536163522013 0.114375655824 0.503144654088
0 0.123294858342 0.548742138365 0.126967471144 0.493710691824
0 0.464847848898 0.554245283019 0.128016789087 0.542452830189
0 0.778069254984 0.367138364780 0.032528856243 0.158805031447
0 0.033578174187 0.442610062893 0.029380902413 0.083333333333
0 0.684679958027 0.345911949686 0.040923399790 0.141509433962
0 0.584470094439 0.397012578616 0.052465897167 0.133647798742
0 0.526232948583 0.404874213836 0.059811122770 0.155660377358
0 0.196747114376 0.439465408805 0.024134312697 0.048742138365
0 0.235047219307 0.442610062893 0.025183630640 0.045597484277
0 0.641133263379 0.562106918239 0.151101783841 0.529874213836
0 0.860965372508 0.546383647799 0.141657922350 0.520440251572
