0 0.824521484375 0.755389948007 0.026367187500 0.066897746967
0 0.913085937500 0.758570190641 0.038085937500 0.102928942808
0 0.742871093750 0.774228769497 0.036132812500 0.092998266898
0 0.703125000000 0.770996533795 0.032031250000 0.074055459272
0 0.869921875000 0.749792027730 0.031640625000 0.062842287695
0 0.968881835938 0.785996533795 0.053056640625 0.092235701906
0 0.978129882812 0.869324090121 0.043740234375 0.114384748700
0 0.930419921875 0.863604852686 0.043261718750 0.123050259965
0 0.895556640625 0.858232235702 0.031738281250 0.118890814558
0 0.858251953125 0.853986135182 0.047949218750 0.129809358752
0 0.711865234375 0.840953206239 0.033886718750 0.140138648180
0 0.270068359375 0.810485268631 0.035644531250 0.182495667244
0 0.169921875000 0.837686308492 0.040820312500 0.157175043328
0 0.117641601562 0.833526863085 0.053134765625 0.167573656846
0 0.042211914062 0.824540727903 0.053134765625 0.165199306759
0 0.307714843750 0.810745233969 0.039648437500 0.190294627383
0 0.678369140625 0.844012131716 0.037988281250 0.144523396880
0 0.746562500000 0.856949740035 0.032812500000 0.129150779896
0 0.781054687500 0.844913344887 0.038085937500 0.142859618718
0 0.817617187500 0.839150779896 0.036914062500 0.143466204506
0 0.653808593750 0.810000000000 0.035351562500 0.156221837088
0 0.597333984375 0.781343154246 0.034628906250 0.097521663778
0 0.415136718750 0.811438474870 0.040820312500 0.188908145581
0 0.378369140625 0.812911611785 0.035058593750 0.188041594454
0 0.344775390625 0.817504332756 0.037988281250 0.176776429809
0 0.022470703125 0.764324090121 0.044941406250 0.162963604853
0 0.785253906250 0.768076256499 0.031250000000 0.074696707106
0 0.446435546875 0.834835355286 0.032128906250 0.137954939341
0 0.480566406250 0.814644714038 0.037304687500 0.190814558059
0 0.509912109375 0.845138648180 0.029785156250 0.140190641248
0 0.540234375000 0.843674176776 0.032031250000 0.136915077990
0 0.574658203125 0.841421143847 0.034277343750 0.141421143847
0 0.634130859375 0.846620450607 0.043652343750 0.131022530329
