0 0.755958333333 0.618638888889 0.012281250000 0.051537037037
0 0.047468750000 0.704500000000 0.021864583333 0.125185185185
0 0.077427083333 0.728481481481 0.025552083333 0.137814814815
0 0.103552083333 0.711819444444 0.022718750000 0.125694444444
0 0.131804687500 0.738578703704 0.024140625000 0.142861111111
0 0.155799479167 0.719138888889 0.022713541667 0.135296296296
0 0.194494791667 0.743361111111 0.024854166667 0.148018518519
0 0.211890625000 0.727069444444 0.022989583333 0.139731481481
0 0.177718750000 0.701111111111 0.019885416667 0.123166666667
0 0.231929687500 0.708842592593 0.022682291667 0.124259259259
0 0.253520833333 0.686476851852 0.020500000000 0.113768518519
0 0.267656250000 0.751648148148 0.024541666667 0.150222222222
0 0.284898437500 0.731486111111 0.024234375000 0.145250000000
0 0.300273437500 0.712986111111 0.020192708333 0.130342592593
0 0.315963541667 0.691166666667 0.016770833333 0.118740740741
0 0.354174479167 0.738944444444 0.022369791667 0.140277777778
0 0.416773437500 0.764347222222 0.030130208333 0.154638888889
0 0.369708333333 0.715472222222 0.019885416667 0.130888888889
0 0.425945312500 0.740046296296 0.023005208333 0.136962962963
0 0.506088541667 0.769041666667 0.032312500000 0.150768518519
0 0.587481770833 0.772078703704 0.030442708333 0.152435185185
0 0.580802083333 0.750263888889 0.024541666667 0.144138888889
0 0.662973958333 0.770421296296 0.031687500000 0.153527777778
0 0.641846354167 0.725685185185 0.021744791667 0.128129629630
0 0.628333333333 0.699453703704 0.021437500000 0.116537037037
0 0.742812500000 0.768490740741 0.030447916667 0.149666666667
0 0.726036458333 0.745013888889 0.027333333333 0.135861111111
0 0.711591145833 0.722652777778 0.021432291667 0.129787037037
0 0.693726562500 0.697796296296 0.020505208333 0.117629629630
0 0.825291666667 0.762962962963 0.028270833333 0.149666666667
0 0.798888020833 0.741981481481 0.027026041667 0.130888888889
0 0.778536458333 0.719611111111 0.024854166667 0.121500000000
0 0.760054687500 0.698351851852 0.022057291667 0.115425925926
0 0.888513020833 0.757166666667 0.028578125000 0.140277777778
0 0.862106770833 0.720439814815 0.023609375000 0.101064814815
0 0.946606770833 0.751643518519 0.025473958333 0.134750000000
0 0.920354166667 0.731208333333 0.022677083333 0.129231481481
0 0.992408854167 0.739217592593 0.015182291667 0.113212962963
0 0.972234375000 0.722648148148 0.022677083333 0.124259259259
0 0.322299479167 0.861601851852 0.037442708333 0.181185185185
0 0.378367187500 0.693041666667 0.017661458333 0.118953703704
0 0.330731770833 0.674462962963 0.019901041667 0.107462962963
0 0.077809895833 0.658472222222 0.019223958333 0.059814814815
0 0.101153645833 0.640569444444 0.021057291667 0.050861111111
0 0.124841145833 0.630393518519 0.017161458333 0.050046296296
0 0.150471354167 0.645657407407 0.020828125000 0.045574074074
0 0.143710937500 0.618800925926 0.016453125000 0.048009259259
0 0.170955729167 0.664166666667 0.018765625000 0.102129629630
0 0.200252604167 0.649115740741 0.020598958333 0.045972222222
0 0.269481770833 0.653791666667 0.019911458333 0.072416666667
0 0.390325520833 0.677796296296 0.019911458333 0.109037037037
0 0.397648437500 0.661319444444 0.017619791667 0.103750000000
0 0.433351562500 0.716444444444 0.019911458333 0.126925925926
0 0.439302083333 0.693462962963 0.015333333333 0.115148148148
0 0.576848958333 0.724587962963 0.023114583333 0.130194444444
0 0.619989583333 0.680648148148 0.014645833333 0.110666666667
0 0.681098958333 0.682476851852 0.021510416667 0.107824074074
0 0.746440104167 0.664166666667 0.021286458333 0.067129629630
0 0.730533854167 0.646875000000 0.020140625000 0.061842592593
0 0.843479166667 0.717467592593 0.021281250000 0.119212962963
0 0.819447916667 0.675560185185 0.020822916667 0.069583333333
0 0.801138020833 0.660912037037 0.019453125000 0.067138888889
0 0.897718750000 0.687157407407 0.021281250000 0.068351851852
0 0.872429687500 0.694481481481 0.020598958333 0.109851851852
0 0.946695312500 0.677597222222 0.021286458333 0.063879629630
0 0.920721354167 0.663148148148 0.019682291667 0.056148148148
0 0.161445312500 0.612907407407 0.017734375000 0.048203703704
0 0.179307291667 0.611101851852 0.015958333333 0.065314814815
0 0.190328125000 0.631152777778 0.014697916667 0.060361111111
0 0.206671875000 0.614930555556 0.015458333333 0.042342592593
0 0.219593750000 0.640157407407 0.017479166667 0.056759259259
0 0.127492187500 0.666509259259 0.022296875000 0.062611111111
0 0.238721354167 0.627319444444 0.019255208333 0.048194444444
0 0.224661458333 0.605476851852 0.015458333333 0.046842592593
0 0.284710937500 0.640157407407 0.020015625000 0.066666666667
0 0.298520833333 0.627768518519 0.017229166667 0.062611111111
0 0.254437500000 0.616509259259 0.017729166667 0.044592592593
0 0.239104166667 0.597587962963 0.015458333333 0.043694444444
0 0.193494791667 0.597365740741 0.013427083333 0.049546296296
0 0.208317708333 0.585203703704 0.013177083333 0.043240740741
0 0.267609375000 0.604347222222 0.014187500000 0.039194444444
0 0.253546875000 0.585203703704 0.013427083333 0.035129629630
0 0.280781250000 0.598717592593 0.014187500000 0.041435185185
0 0.293580729167 0.587685185185 0.014442708333 0.034685185185
0 0.341098958333 0.651643518519 0.016239583333 0.087842592593
0 0.265000000000 0.578217592593 0.014302083333 0.035990740741
0 0.310986979167 0.611467592593 0.014307291667 0.052416666667
0 0.670890625000 0.658439814815 0.015906250000 0.084805555556
0 0.661294270833 0.651861111111 0.016994791667 0.096018518519
0 0.651697916667 0.635527777778 0.014802083333 0.089685185185
0 0.612080729167 0.666967592593 0.013984375000 0.102842592593
0 0.568625000000 0.680615740741 0.021385416667 0.111620370370
0 0.604950520833 0.651370370370 0.015078125000 0.096018518519
0 0.715992187500 0.636750000000 0.015078125000 0.063851851852
0 0.785494791667 0.645518518519 0.019739583333 0.058000000000
0 0.770687500000 0.636504629630 0.017000000000 0.067268518519
0 0.851981770833 0.653564814815 0.019463541667 0.056537037037
0 0.834020833333 0.645763888889 0.018093750000 0.061416666667
0 0.817708333333 0.633578703704 0.017822916667 0.057509259259
0 0.320872395833 0.611754629630 0.011723958333 0.064435185185
0 0.330065104167 0.598958333333 0.012526041667 0.054953703704
0 0.340859375000 0.589722222222 0.014395833333 0.054481481481
0 0.348588541667 0.578115740741 0.012260416667 0.038842592593
0 0.304882812500 0.578587962963 0.011723958333 0.032212962963
0 0.315276041667 0.572666666667 0.011729166667 0.028907407407
0 0.353278645833 0.636527777778 0.018921875000 0.083203703704
0 0.360580729167 0.619611111111 0.013390625000 0.068259259259
0 0.368049479167 0.616268518519 0.011953125000 0.068648148148
0 0.375848958333 0.605740740741 0.011614583333 0.067666666667
0 0.383263020833 0.595907407407 0.012057291667 0.059407407407
0 0.405114583333 0.646263888889 0.012614583333 0.097175925926
0 0.411700520833 0.632592592593 0.010067708333 0.087925925926
0 0.416843750000 0.624328703704 0.009958333333 0.083990740741
0 0.443924479167 0.678032407407 0.013328125000 0.107953703704
0 0.447903645833 0.661791666667 0.013973958333 0.100694444444
0 0.453221354167 0.647458333333 0.013432291667 0.095342592593
0 0.457145833333 0.635611111111 0.012250000000 0.089240740741
0 0.461013020833 0.624717592593 0.011609375000 0.080824074074
0 0.464937500000 0.614023148148 0.012364583333 0.078916666667
0 0.467466145833 0.605708333333 0.010963541667 0.073750000000
0 0.469934895833 0.592810185185 0.009890625000 0.062861111111
0 0.471385416667 0.586791666667 0.009135416667 0.058083333333
0 0.472515625000 0.574467592593 0.008812500000 0.044898148148
0 0.506127604167 0.703731481481 0.030703125000 0.057611111111
0 0.505973958333 0.677685185185 0.025427083333 0.040240740741
0 0.507692708333 0.658481481481 0.024031250000 0.037111111111
0 0.507924479167 0.642050925926 0.020744791667 0.034027777778
0 0.507648437500 0.628810185185 0.019776041667 0.030342592593
0 0.508130208333 0.615569444444 0.018375000000 0.028990740741
0 0.508945312500 0.605226851852 0.018265625000 0.025712962963
0 0.509713541667 0.595560185185 0.016510416667 0.021842592593
0 0.509757812500 0.585703703704 0.015984375000 0.017203703704
0 0.509705729167 0.579324074074 0.015005208333 0.021462962963
0 0.509890625000 0.569180555556 0.013083333333 0.021175925926
0 0.563671875000 0.666157407407 0.013541666667 0.104333333333
0 0.560427083333 0.648731481481 0.012697916667 0.092037037037
0 0.556546875000 0.637069444444 0.012833333333 0.086268518519
0 0.555419270833 0.627662037037 0.012557291667 0.083509259259
0 0.553091145833 0.610736111111 0.010723958333 0.066712962963
0 0.551187500000 0.603087962963 0.008604166667 0.063953703704
0 0.549710937500 0.596189814815 0.010161458333 0.063694444444
0 0.547942708333 0.589041666667 0.009166666667 0.057935185185
0 0.544627604167 0.570986111111 0.009026041667 0.060435185185
0 0.600484375000 0.637287037037 0.010770833333 0.088074074074
0 0.596934895833 0.628837962963 0.008994791667 0.084250000000
0 0.590916666667 0.617120370370 0.010645833333 0.079740740741
0 0.587622395833 0.607212962963 0.008359375000 0.072981481481
0 0.583888020833 0.599555555556 0.009515625000 0.071185185185
0 0.577666666667 0.585000000000 0.009875000000 0.063907407407
0 0.574692708333 0.573518518519 0.009750000000 0.050407407407
0 0.644059895833 0.622013888889 0.012276041667 0.076287037037
0 0.638679687500 0.609976851852 0.010630208333 0.066157407407
0 0.630070312500 0.603000000000 0.009619791667 0.067962962963
0 0.625578125000 0.598500000000 0.010250000000 0.071111111111
0 0.615390625000 0.585782407407 0.011645833333 0.064138888889
0 0.612414062500 0.573745370370 0.008734375000 0.048601851852
0 0.607984375000 0.562606481481 0.011520833333 0.050175925926
0 0.706020833333 0.626291666667 0.014427083333 0.065490740741
0 0.696846354167 0.612898148148 0.013796875000 0.054907407407
0 0.683997395833 0.604013888889 0.011390625000 0.052879629630
0 0.676148437500 0.593546296296 0.009619791667 0.045907407407
0 0.667414062500 0.589500000000 0.009619791667 0.047703703704
0 0.661718750000 0.582745370370 0.009114583333 0.046361111111
0 0.657604166667 0.572509259259 0.009239583333 0.041629629630
0 0.649440104167 0.564518518519 0.008859375000 0.050851851852
0 0.744755208333 0.610537037037 0.013666666667 0.047037037037
0 0.732096354167 0.600189814815 0.015692708333 0.043879629630
0 0.720578125000 0.590736111111 0.013927083333 0.038935185185
0 0.712604166667 0.583986111111 0.010125000000 0.036675925926
0 0.704247395833 0.580268518519 0.009619791667 0.036907407407
0 0.689630208333 0.566092592593 0.009239583333 0.029703703704
0 0.696273437500 0.572055555556 0.010630208333 0.034425925926
0 0.798617187500 0.616050925926 0.014557291667 0.045009259259
0 0.786906250000 0.608851851852 0.014177083333 0.041407407407
0 0.771781250000 0.598500000000 0.014812500000 0.036907407407
0 0.760640625000 0.588037037037 0.012781250000 0.030833333333
0 0.751401041667 0.578921296296 0.012281250000 0.027453703704
0 0.741210937500 0.580384259259 0.011140625000 0.038935185185
0 0.731466145833 0.568685185185 0.012911458333 0.029481481481
0 0.723364583333 0.562157407407 0.011645833333 0.025425925926
0 0.898489583333 0.646768518519 0.014812500000 0.046574074074
0 0.879755208333 0.641592592593 0.016072916667 0.056925925926
0 0.860643229167 0.635851851852 0.013796875000 0.067962962963
0 0.843044270833 0.616500000000 0.014557291667 0.047703703704
0 0.828867187500 0.607615740741 0.014557291667 0.043879629630
0 0.814377604167 0.598949074074 0.012911458333 0.044101851852
0 0.801210937500 0.588486111111 0.014182291667 0.035324074074
0 0.788932291667 0.583759259259 0.012656250000 0.031277777778
0 0.776778645833 0.579819444444 0.012911458333 0.036009259259
0 0.764627604167 0.570370370370 0.011901041667 0.028351851852
0 0.756085937500 0.563842592593 0.012276041667 0.030148148148
0 0.421236979167 0.613726851852 0.008807291667 0.078990740741
0 0.425643229167 0.604611111111 0.008411458333 0.074777777778
0 0.431229166667 0.597134259259 0.008281250000 0.071972222222
0 0.434252604167 0.590703703704 0.007755208333 0.069407407407
0 0.436882812500 0.583000000000 0.008015625000 0.065666666667
0 0.441153645833 0.574231481481 0.008151041667 0.056555555556
0 0.431164062500 0.547472222222 0.012880208333 0.032481481481
0 0.389364583333 0.590472222222 0.011041666667 0.061925925926
0 0.393570312500 0.581476851852 0.009203125000 0.051416666667
0 0.398236979167 0.574115740741 0.007755208333 0.046972222222
0 0.401653645833 0.571425925926 0.006963541667 0.049074074074
0 0.327580729167 0.546425925926 0.010255208333 0.025703703704
0 0.322651041667 0.565587962963 0.009333333333 0.029916666667
0 0.329552083333 0.561263888889 0.008677083333 0.026879629630
0 0.334877604167 0.558574074074 0.010911458333 0.025240740741
0 0.274080729167 0.574231481481 0.011307291667 0.036462962963
0 0.283872395833 0.570138888889 0.010911458333 0.036222222222
0 0.294322916667 0.562314814815 0.010250000000 0.029907407407
0 0.220315104167 0.577152777778 0.009723958333 0.033879629630
0 0.231950520833 0.571430555556 0.013276041667 0.037861111111
0 0.244635416667 0.570143518519 0.012093750000 0.040898148148
0 0.253507812500 0.562666666667 0.008546875000 0.030611111111
0 0.469106770833 0.548907407407 0.014401041667 0.038277777778
0 0.383963541667 0.551893518519 0.009645833333 0.032805555556
0 0.355231770833 0.575004629630 0.009505208333 0.046731481481
0 0.360546875000 0.569037037037 0.008385416667 0.040259259259
0 0.366489583333 0.564689814815 0.007968750000 0.040509259259
0 0.263364583333 0.555379629630 0.009864583333 0.030981481481
0 0.010835937500 0.557092592593 0.012411458333 0.039444444444
0 0.034151041667 0.567953703704 0.015416666667 0.067185185185
0 0.050132812500 0.562773148148 0.017296875000 0.063509259259
0 0.065268229167 0.555759259259 0.016734375000 0.066851851852
0 0.080591145833 0.548736111111 0.013911458333 0.063509259259
