0 0.747856770833 0.613648148148 0.014057291667 0.042814814815
0 0.473950520833 0.621777777778 0.018828125000 0.026481481481
0 0.474195312500 0.613194444444 0.019317708333 0.026777777778
0 0.474440104167 0.603884259259 0.017515625000 0.023861111111
0 0.475421875000 0.596750000000 0.014239583333 0.024740740741
0 0.475914062500 0.587291666667 0.013588541667 0.019787037037
0 0.476158854167 0.579143518519 0.012442708333 0.016879629630
0 0.476486979167 0.572032407407 0.011786458333 0.014805555556
0 0.476651041667 0.564157407407 0.011458333333 0.020074074074
0 0.528216145833 0.671689814815 0.013421875000 0.104194444444
0 0.525763020833 0.656120370370 0.011786458333 0.092259259259
0 0.522815104167 0.642296296296 0.011130208333 0.084981481481
0 0.521914062500 0.633712962963 0.012276041667 0.084685185185
0 0.520523437500 0.620759259259 0.012442708333 0.073333333333
0 0.517739583333 0.610574074074 0.011458333333 0.065777777778
0 0.516513020833 0.601847222222 0.010640625000 0.061694444444
0 0.515692708333 0.595004629630 0.010312500000 0.060824074074
0 0.515283854167 0.568518518519 0.008838541667 0.018333333333
0 0.512091145833 0.576236111111 0.010640625000 0.061120370370
0 0.577161458333 0.672708333333 0.013093750000 0.100398148148
0 0.571351562500 0.657865740741 0.009984375000 0.092250000000
0 0.566111979167 0.642444444444 0.010640625000 0.087018518519
0 0.561367187500 0.633861111111 0.010640625000 0.083814814815
0 0.556781250000 0.623671296296 0.010968750000 0.080324074074
0 0.551299479167 0.613634259259 0.012442708333 0.073046296296
0 0.548598958333 0.605921296296 0.010312500000 0.069268518519
0 0.546838541667 0.600453703704 0.009625000000 0.065703703704
0 0.542976562500 0.590523148148 0.007369791667 0.064861111111
0 0.540127604167 0.585666666667 0.009505208333 0.062740740741
0 0.625018229167 0.654893518519 0.016890625000 0.089379629630
0 0.615091145833 0.638388888889 0.015338541667 0.081592592593
0 0.607421875000 0.628532407407 0.011343750000 0.074250000000
0 0.602135416667 0.620509259259 0.012375000000 0.073796296296
0 0.595046875000 0.610657407407 0.011343750000 0.070129629630
0 0.590919270833 0.598282407407 0.009796875000 0.058212962963
0 0.581960937500 0.589115740741 0.008380208333 0.058212962963
0 0.578929687500 0.582814814815 0.008765625000 0.052944444444
0 0.577770833333 0.574449074074 0.007479166667 0.047212962963
0 0.573322916667 0.570092592593 0.011218750000 0.055462962963
0 0.615734375000 0.568375000000 0.008895833333 0.046990740741
0 0.617023437500 0.572842592593 0.008380208333 0.044000000000
0 0.621729166667 0.579143518519 0.007218750000 0.042398148148
0 0.625276041667 0.582699074074 0.006062500000 0.040787037037
0 0.626575520833 0.590032407407 0.006848958333 0.049509259259
0 0.632427083333 0.596138888889 0.010322916667 0.049333333333
0 0.638794270833 0.599833333333 0.009921875000 0.045759259259
0 0.649317708333 0.611393518519 0.012739583333 0.054101851852
0 0.658703125000 0.620333333333 0.013270833333 0.059111111111
0 0.718322916667 0.626263888889 0.011093750000 0.055842592593
0 0.705958333333 0.619490740741 0.014968750000 0.053222222222
0 0.693661458333 0.608087962963 0.013635416667 0.047046296296
0 0.682635416667 0.599773148148 0.013229166667 0.046101851852
0 0.676153645833 0.590861111111 0.011223958333 0.042055555556
0 0.667598958333 0.585162037037 0.010427083333 0.035879629630
0 0.660114583333 0.580287037037 0.009625000000 0.038018518519
0 0.654041666667 0.576129629630 0.010270833333 0.037296296296
0 0.778343750000 0.636291666667 0.016010416667 0.051972222222
0 0.758854166667 0.623916666667 0.016843750000 0.049500000000
0 0.733377604167 0.602259259259 0.014338541667 0.033907407407
0 0.722309895833 0.595828703704 0.011973958333 0.034398148148
0 0.711940104167 0.590254629630 0.014619791667 0.041083333333
0 0.703098958333 0.583699074074 0.012250000000 0.038861111111
0 0.694401041667 0.574666666667 0.010718750000 0.030685185185
0 0.686742187500 0.570208333333 0.012109375000 0.028212962963
0 0.801658854167 0.619953703704 0.015869791667 0.043555555556
0 0.788575520833 0.609564814815 0.014755208333 0.036629629630
0 0.774653645833 0.603500000000 0.016151041667 0.040333333333
0 0.762057291667 0.594587962963 0.013781250000 0.032916666667
0 0.750640625000 0.587412037037 0.012666666667 0.030435185185
0 0.738669270833 0.584564814815 0.013505208333 0.034148148148
0 0.726557291667 0.577638888889 0.011552083333 0.033166666667
0 0.717924479167 0.569467592593 0.010442708333 0.030194444444
0 0.760432291667 0.745398148148 0.027520833333 0.130351851852
0 0.784278645833 0.767250000000 0.028151041667 0.143425925926
0 0.655388020833 0.703208333333 0.022057291667 0.113953703704
0 0.672825520833 0.727657407407 0.023317708333 0.127740740741
0 0.687627604167 0.749125000000 0.026463541667 0.135824074074
0 0.704265625000 0.772388888889 0.029177083333 0.149407407407
0 0.592898437500 0.705129629630 0.018796875000 0.113814814815
0 0.415841145833 0.671199074074 0.019161458333 0.100916666667
0 0.604424479167 0.730967592593 0.022598958333 0.124916666667
0 0.625575520833 0.776134259259 0.030421875000 0.149212962963
0 0.553739583333 0.777712962963 0.026854166667 0.151574074074
0 0.469489583333 0.776125000000 0.032447916667 0.153953703704
0 0.389263020833 0.749268518519 0.017901041667 0.136851851852
0 0.380760416667 0.775726851852 0.029989583333 0.155546296296
0 0.342604166667 0.702527777778 0.017677083333 0.119740740741
0 0.330856770833 0.726791666667 0.019692708333 0.130083333333
0 0.317989583333 0.751458333333 0.027520833333 0.142027777778
0 0.293151041667 0.683629629630 0.020364583333 0.107407407407
0 0.276815104167 0.701731481481 0.019911458333 0.119740740741
0 0.259919270833 0.724805555556 0.021036458333 0.130092592593
0 0.243919270833 0.743699074074 0.023046875000 0.144009259259
0 0.227359375000 0.763791666667 0.023500000000 0.153953703704
0 0.213148437500 0.697953703704 0.019244791667 0.116962962963
0 0.191330729167 0.719828703704 0.023046875000 0.125712962963
0 0.171750000000 0.738527777778 0.023718750000 0.142425925926
0 0.152393229167 0.756231481481 0.025286458333 0.148388888889
0 0.135273437500 0.711476851852 0.019692708333 0.124120370370
0 0.113505208333 0.731773148148 0.019760416667 0.138768518519
0 0.089322916667 0.739138888889 0.025395833333 0.124037037037
0 0.059783854167 0.722740740741 0.022453125000 0.128314814815
0 0.033718750000 0.740087962963 0.027531250000 0.140194444444
0 0.214385416667 0.568787037037 0.010781250000 0.031277777778
0 0.224052083333 0.564708333333 0.013947916667 0.033250000000
0 0.193304687500 0.575833333333 0.014265625000 0.034092592593
0 0.203606770833 0.577384259259 0.012682291667 0.039453703704
0 0.179119791667 0.581050925926 0.014427083333 0.034379629630
0 0.006729166667 0.720962962963 0.013458333333 0.115370370370
0 0.007312500000 0.565953703704 0.014468750000 0.072129629630
0 0.020744791667 0.559587962963 0.014781250000 0.059398148148
0 0.035955729167 0.556407407407 0.013276041667 0.067888888889
0 0.214229166667 0.593763888889 0.013666666667 0.038064814815
0 0.226682291667 0.585930555556 0.013666666667 0.034824074074
0 0.236934895833 0.581203703704 0.010171875000 0.037259259259
0 0.247640625000 0.575810185185 0.011541666667 0.039416666667
0 0.256218750000 0.568652777778 0.008656250000 0.028879629630
0 0.266562500000 0.587680555556 0.012083333333 0.040175925926
0 0.276015625000 0.581328703704 0.013125000000 0.033601851852
0 0.285291666667 0.575722222222 0.012072916667 0.037333333333
0 0.290104166667 0.553171296296 0.011552083333 0.027064814815
0 0.297890625000 0.566078703704 0.012072916667 0.031731481481
0 0.303403645833 0.594546296296 0.014703125000 0.050092592593
0 0.311192708333 0.587236111111 0.011729166667 0.044175925926
0 0.319242187500 0.581944444444 0.010671875000 0.045425925926
0 0.325192708333 0.575569444444 0.009625000000 0.039509259259
0 0.329481770833 0.572148148148 0.009098958333 0.039518518519
0 0.334557291667 0.569037037037 0.007697916667 0.040759259259
0 0.338755208333 0.613527777778 0.011197916667 0.066277777778
0 0.347419270833 0.603569444444 0.012078125000 0.056935185185
0 0.353369791667 0.598439814815 0.010322916667 0.062842592593
0 0.358007812500 0.590500000000 0.009453125000 0.056314814815
0 0.362734375000 0.583504629630 0.008750000000 0.050398148148
0 0.367195312500 0.577902777778 0.008578125000 0.044175925926
0 0.362304687500 0.669416666667 0.016442708333 0.102296296296
0 0.369854166667 0.655819444444 0.013572916667 0.095509259259
0 0.377312500000 0.641208333333 0.012041666667 0.090064814815
0 0.381901041667 0.632203703704 0.012041666667 0.085648148148
0 0.387921875000 0.620986111111 0.013000000000 0.081564814815
0 0.392510416667 0.611300925926 0.011468750000 0.076472222222
0 0.397385416667 0.603143518519 0.010135416667 0.073750000000
0 0.401593750000 0.597703703704 0.009750000000 0.069000000000
0 0.404187500000 0.586537037037 0.008895833333 0.057629629630
0 0.406729166667 0.574245370370 0.009218750000 0.040398148148
0 0.396640625000 0.553337962963 0.012875000000 0.033620370370
0 0.415674479167 0.656847222222 0.017515625000 0.097787037037
0 0.421484375000 0.644314814815 0.011458333333 0.087851851852
0 0.426804687500 0.631527777778 0.012276041667 0.082074074074
0 0.430731770833 0.622504629630 0.012276041667 0.080324074074
0 0.433760416667 0.612754629630 0.010802083333 0.073046296296
0 0.435643229167 0.601115740741 0.008348958333 0.061990740741
0 0.437197916667 0.593694444444 0.008510416667 0.060537037037
0 0.438838541667 0.577689814815 0.009166666667 0.040750000000
0 0.451606770833 0.574925925926 0.011786458333 0.068388888889
0 0.903354166667 0.680625000000 0.020718750000 0.063305555556
0 0.927682291667 0.723865740741 0.021406250000 0.120824074074
0 0.643138020833 0.687453703704 0.020244791667 0.107574074074
0 0.538632812500 0.731314814815 0.018390625000 0.128277777778
0 0.543054687500 0.754898148148 0.026296875000 0.137370370370
0 0.398632812500 0.725712962963 0.017692708333 0.126166666667
0 0.353247395833 0.686625000000 0.015828125000 0.110898148148
0 0.178799479167 0.652282407407 0.019317708333 0.058750000000
0 0.160294270833 0.662004629630 0.023276041667 0.050898148148
0 0.084070312500 0.677314814815 0.020713541667 0.065796296296
0 0.282794270833 0.861050925926 0.039057291667 0.158064814815
0 0.950354166667 0.743902777778 0.021635416667 0.116157407407
0 0.877661458333 0.732699074074 0.023739583333 0.123620370370
0 0.902346354167 0.753430555556 0.024369791667 0.132212962963
0 0.803291666667 0.720189814815 0.021218750000 0.118027777778
0 0.822200520833 0.724481481481 0.024161458333 0.101962962963
0 0.847934895833 0.759217592593 0.023109375000 0.137824074074
0 0.720513020833 0.701699074074 0.022901041667 0.113175925926
0 0.740158854167 0.724296296296 0.026473958333 0.118018518519
0 0.404369791667 0.703569444444 0.016562500000 0.116083333333
0 0.409335937500 0.687166666667 0.015140625000 0.110185185185
0 0.304533854167 0.659828703704 0.018453125000 0.085805555556
0 0.315653645833 0.645106481481 0.019869791667 0.084953703704
0 0.325234375000 0.635430555556 0.016322916667 0.080750000000
0 0.332445312500 0.625972222222 0.012296875000 0.070240740741
0 0.229776041667 0.665925925926 0.022239583333 0.074444444444
0 0.245270833333 0.649944444444 0.018687500000 0.065185185185
0 0.259348958333 0.639851851852 0.015614583333 0.068555555556
0 0.273187500000 0.626180555556 0.018218750000 0.063935185185
0 0.283476562500 0.614194444444 0.016088541667 0.055944444444
0 0.294833333333 0.605782407407 0.015614583333 0.054250000000
0 0.198427083333 0.650152777778 0.017270833333 0.076546296296
0 0.214398437500 0.629754629630 0.018453125000 0.053416666667
0 0.228473958333 0.616930555556 0.015854166667 0.047101851852
0 0.241604166667 0.608935185185 0.015614583333 0.045425925926
0 0.255786458333 0.597162037037 0.015635416667 0.039527777778
0 0.107229166667 0.666138888889 0.022708333333 0.069814814815
0 0.129231770833 0.684435185185 0.019401041667 0.128277777778
0 0.149458333333 0.637958333333 0.017739583333 0.057194444444
0 0.166135416667 0.630175925926 0.014666666667 0.058462962963
0 0.183523437500 0.620925925926 0.015848958333 0.062666666667
0 0.032471354167 0.670134259259 0.019869791667 0.065194444444
0 0.057783854167 0.652046296296 0.021765625000 0.060981481481
0 0.082033854167 0.641111111111 0.016796875000 0.052574074074
0 0.102497395833 0.628282407407 0.017505208333 0.042898148148
0 0.120359375000 0.618611111111 0.017270833333 0.043740740741
0 0.138575520833 0.614407407407 0.016796875000 0.055518518519
0 0.153125000000 0.605361111111 0.015614583333 0.052574074074
0 0.168619791667 0.595481481481 0.014427083333 0.049629629630
0 0.198856770833 0.604296296296 0.015692708333 0.040407407407
0 0.469984375000 0.711763888889 0.027156250000 0.053898148148
0 0.470619791667 0.685958333333 0.025885416667 0.039768518519
0 0.472562500000 0.667393518519 0.024218750000 0.040101851852
0 0.472929687500 0.651453703704 0.021630208333 0.037796296296
0 0.473484375000 0.636495370370 0.019781250000 0.030898148148
0 0.533106770833 0.687930555556 0.020338541667 0.111416666667
0 0.583429687500 0.687504629630 0.015411458333 0.106601851852
0 0.633898437500 0.663111111111 0.017484375000 0.083203703704
0 0.706786458333 0.667675925926 0.020750000000 0.064129629630
0 0.691937500000 0.652481481481 0.019260416667 0.063166666667
0 0.678039062500 0.643564814815 0.017223958333 0.066055555556
0 0.668151041667 0.630185185185 0.014531250000 0.062444444444
0 0.779614583333 0.681773148148 0.017229166667 0.069675925926
0 0.761304687500 0.661523148148 0.019119791667 0.059546296296
0 0.745778645833 0.650555555556 0.018442708333 0.054962962963
0 0.730976562500 0.638245370370 0.017234375000 0.061268518519
0 0.855333333333 0.693087962963 0.018916666667 0.070268518519
0 0.830450520833 0.680768518519 0.021692708333 0.074333333333
0 0.810565104167 0.659990740741 0.020244791667 0.061481481481
0 0.794000000000 0.649384259259 0.016989583333 0.058694444444
0 0.876674479167 0.667490740741 0.018942708333 0.057333333333
0 0.857057291667 0.653060185185 0.016687500000 0.051712962963
0 0.837664062500 0.643634259259 0.018942708333 0.052916666667
0 0.820638020833 0.631407407407 0.018265625000 0.049314814815
