0 0.440429687500 0.554687500000 0.106119791667 0.296875000000
0 0.609049479167 0.538085937500 0.065755208333 0.161132812500
0 0.501953125000 0.540039062500 0.085937500000 0.234375000000
0 0.547526041667 0.539794921875 0.079427083333 0.213378906250
0 0.978190104167 0.522949218750 0.043619791667 0.154296875000
0 0.202148437500 0.593261718750 0.272786458333 0.596679687500
0 0.331119791667 0.564389648438 0.137044270833 0.421396484375
0 0.410481770833 0.566894531250 0.102213541667 0.335937500000
0 0.901041666667 0.531738281250 0.082031250000 0.147460937500
0 0.700520833333 0.532470703125 0.070312500000 0.190917968750
