0 0.287793427230 0.537323943662 0.047887323944 0.325352112676
0 0.473342723005 0.488704225352 0.043098591549 0.233661971831
0 0.659154929577 0.519014084507 0.037558685446 0.266197183099
0 0.743661971831 0.545774647887 0.050704225352 0.294366197183
0 0.674178403756 0.525352112676 0.039436619718 0.264788732394
0 0.393896713615 0.519718309859 0.038497652582 0.242253521127
0 0.629107981221 0.497887323944 0.041314553991 0.243661971831
0 0.061971830986 0.631690140845 0.101408450704 0.525352112676
0 0.915023474178 0.653521126761 0.117370892019 0.546478873239
0 0.178873239437 0.593661971831 0.079812206573 0.454929577465
0 0.124882629108 0.614788732394 0.084507042254 0.480281690141
0 0.434272300469 0.512676056338 0.057276995305 0.250704225352
0 0.493427230047 0.522535211268 0.053521126761 0.242253521127
0 0.546009389671 0.511267605634 0.057276995305 0.264788732394
0 0.598591549296 0.514084507042 0.053521126761 0.261971830986
0 0.859624413146 0.619014084507 0.083568075117 0.463380281690
0 0.330516431925 0.527464788732 0.043192488263 0.283098591549
0 0.705633802817 0.537323943662 0.046009389671 0.271830985915
0 0.802816901408 0.583802816901 0.061971830986 0.412676056338
0 0.217370892019 0.571126760563 0.053521126761 0.398591549296
0 0.254929577465 0.546478873239 0.061032863850 0.369014084507
0 0.364319248826 0.524647887324 0.039436619718 0.269014084507
