0 0.571490467938 0.756923076923 0.063258232236 0.330769230769
0 0.493760831889 0.597434615385 0.040207972270 0.070192307692
0 0.541421143847 0.593773076923 0.031975736568 0.069084615385
0 0.435225303293 0.589061538462 0.045493934142 0.070153846154
0 0.616767764298 0.758846153846 0.042027729636 0.314615384615
0 0.196273830156 0.700769230769 0.059792027730 0.307692307692
0 0.662911611785 0.768461538462 0.071057192374 0.324615384615
0 0.367556325823 0.582792307692 0.045493934142 0.070153846154
0 0.278401213172 0.602630769231 0.055502599653 0.080584615385
0 0.369750866551 0.608153846154 0.031373483536 0.070153846154
0 0.403106585789 0.748515384615 0.063691507799 0.333076923077
0 0.323221403813 0.714519230769 0.031373483536 0.311700000000
0 0.642980935875 0.620300000000 0.038050259965 0.135107692308
0 0.690641247834 0.694615384615 0.058058925477 0.298461538462
0 0.237435008666 0.702692307692 0.051993067591 0.299230769231
0 0.271013864818 0.755000000000 0.071490467938 0.337692307692
0 0.337738301560 0.753846153846 0.059358752166 0.324615384615
0 0.517764298094 0.743846153846 0.053726169844 0.344615384615
0 0.464688041594 0.741153846154 0.063691507799 0.348461538462
