0 0.238878472222 0.594339229969 0.024006944444 0.171300728408
0 0.768055555556 0.604578563996 0.034722222222 0.166493236212
0 0.496875000000 0.577523413111 0.032638888889 0.124869927159
0 0.207291666667 0.599895941727 0.035416666667 0.180020811655
0 0.800000000000 0.606659729448 0.029166666667 0.183142559834
0 0.175347222222 0.597294484912 0.042361111111 0.199791883455
0 0.824305555556 0.610822060354 0.031944444444 0.185223725286
0 0.879513888889 0.615504682622 0.034027777778 0.200832466181
0 0.854166666667 0.611342351717 0.040277777778 0.202913631634
0 0.527500000000 0.579386056191 0.031250000000 0.137356919875
0 0.745090277778 0.601586888658 0.026319444444 0.159968782518
0 0.120486111111 0.606659729448 0.047916666667 0.220603537981
0 0.913194444444 0.621748178980 0.048611111111 0.223725286160
0 0.957291666667 0.629552549428 0.050694444444 0.224765868887
0 0.094791666667 0.606139438085 0.038194444444 0.213319458897
0 0.655885416667 0.589261186264 0.027784722222 0.134214360042
0 0.615128472222 0.580494276795 0.026687500000 0.133121748179
0 0.582222222222 0.586248699272 0.024500000000 0.134765868887
0 0.414600694444 0.588985431842 0.026326388889 0.119427679501
0 0.323475694444 0.593485952133 0.026298611111 0.145598335068
0 0.439510416667 0.578069719043 0.025145833333 0.135327783559
0 0.277177083333 0.598621227888 0.032006944444 0.173017689906
0 0.721354166667 0.597237252862 0.021319444444 0.148293444329
0 0.680184027778 0.589157127992 0.026298611111 0.144266389178
0 0.470437500000 0.585457856400 0.026291666667 0.128772112383
0 0.156725694444 0.609401664932 0.026298611111 0.192851196670
0 0.257118055556 0.596883454735 0.013680555556 0.158366285120
0 0.387173611111 0.585114464100 0.026291666667 0.124047866805
0 0.372319444444 0.583095733611 0.026291666667 0.133496357960
0 0.361968750000 0.586446409990 0.026298611111 0.133454734651
0 0.350263888889 0.587830385016 0.026291666667 0.140260145682
0 0.301204861111 0.594203954214 0.026298611111 0.151654526535
0 0.703270833333 0.598298647242 0.024569444444 0.138054110302
