0 0.821527777778 0.623829344433 0.079166666667 0.356919875130
0 0.151041666667 0.566077003122 0.036805555556 0.226847034339
0 0.447402777778 0.550218522373 0.026444444444 0.155046826223
0 0.367972222222 0.538085327784 0.012611111111 0.116961498439
0 0.401701388889 0.545312174818 0.017569444444 0.136222684703
0 0.353600694444 0.535879292404 0.014326388889 0.114089490114
0 0.339611111111 0.533787721124 0.010916666667 0.099334027055
0 0.304809027778 0.519693028096 0.010173611111 0.092976066597
0 0.331548611111 0.530764828304 0.010375000000 0.097055150884
0 0.659690972222 0.520083246618 0.024229166667 0.071175858481
0 0.384069444444 0.537044745057 0.018777777778 0.133194588970
0 0.425347222222 0.549947970864 0.031250000000 0.155046826223
0 0.677430555556 0.585848074922 0.034027777778 0.208116545265
0 0.763194444444 0.605619146722 0.052777777778 0.262226847034
0 0.487152777778 0.559313215401 0.040972222222 0.184183142560
0 0.975347222222 0.623309053070 0.049305555556 0.253902185224
0 0.627777777778 0.588969823101 0.051388888889 0.253902185224
0 0.578125000000 0.577523413111 0.043750000000 0.226847034339
0 0.529513888889 0.568158168574 0.042361111111 0.206035379813
0 0.927083333333 0.625390218522 0.070833333333 0.293444328824
0 0.880555555556 0.638917793965 0.061111111111 0.287200832466
0 0.707638888889 0.601456815817 0.058333333333 0.308012486993
