0 0.533166666667 0.435687500000 0.042000000000 0.038712500000
0 0.876666666667 0.631875000000 0.110000000000 0.241250000000
0 0.302916666667 0.628437500000 0.090833333333 0.228125000000
0 0.196666666667 0.626250000000 0.125000000000 0.236250000000
0 0.770833333333 0.624687500000 0.108333333333 0.243125000000
0 0.070416666667 0.625625000000 0.140833333333 0.238750000000
0 0.402500000000 0.624687500000 0.098333333333 0.231875000000
0 0.939166666667 0.558437500000 0.083333333333 0.178125000000
0 0.761075000000 0.454859375000 0.054866666667 0.063193750000
0 0.136037500000 0.598137500000 0.078375000000 0.223362500000
0 0.526387500000 0.510009375000 0.064658333333 0.048493750000
0 0.187125000000 0.491484375000 0.043366666667 0.040006250000
0 0.504987500000 0.450653125000 0.044191666667 0.048443750000
0 0.664408333333 0.619618750000 0.097500000000 0.242500000000
0 0.574950000000 0.451709375000 0.043066666667 0.043043750000
0 0.444495833333 0.452262500000 0.045508333333 0.039400000000
0 0.415345833333 0.436125000000 0.038308333333 0.038712500000
0 0.281375000000 0.431740625000 0.056250000000 0.039393750000
0 0.664000000000 0.462425000000 0.066166666667 0.038712500000
0 0.611841666667 0.470178125000 0.057183333333 0.051518750000
0 0.534958333333 0.478281250000 0.050916666667 0.051537500000
0 0.497166666667 0.503218750000 0.086833333333 0.067687500000
0 0.569166666667 0.508200000000 0.075666666667 0.054850000000
0 0.619375000000 0.524093750000 0.054250000000 0.049187500000
0 0.734625000000 0.482503125000 0.055916666667 0.048743750000
0 0.795008333333 0.509712500000 0.045500000000 0.043950000000
0 0.822583333333 0.525818750000 0.063500000000 0.058737500000
0 0.687604166667 0.440912500000 0.045508333333 0.038712500000
0 0.620537500000 0.439175000000 0.037925000000 0.038712500000
0 0.577300000000 0.430900000000 0.045500000000 0.038712500000
0 0.333162500000 0.465525000000 0.055341666667 0.057450000000
0 0.213291666667 0.520159375000 0.079250000000 0.070931250000
0 0.284125000000 0.521037500000 0.091916666667 0.076175000000
0 0.251875000000 0.501868750000 0.043750000000 0.052637500000
0 0.651612500000 0.450481250000 0.045508333333 0.044787500000
0 0.723612500000 0.463768750000 0.064108333333 0.050462500000
0 0.712000000000 0.508634375000 0.073333333333 0.052231250000
0 0.714041666667 0.519287500000 0.072750000000 0.038712500000
