0 0.585446009390 0.529577464789 0.047887323944 0.191549295775
0 0.792333333333 0.453105633803 0.031295774648 0.048718309859
0 0.609328638498 0.497816901408 0.022845070423 0.116478873239
0 0.703225352113 0.449478873239 0.028854460094 0.043295774648
0 0.394140845070 0.464852112676 0.022234741784 0.057788732394
0 0.360150234742 0.465753521127 0.031305164319 0.057788732394
0 0.321004694836 0.456767605634 0.031305164319 0.057788732394
0 0.249765258216 0.530985915493 0.035680751174 0.197183098592
0 0.691549295775 0.536619718310 0.034741784038 0.188732394366
0 0.623004694836 0.535915492958 0.038497652582 0.184507042254
0 0.729577464789 0.538028169014 0.041314553991 0.202816901408
0 0.290140845070 0.532394366197 0.039436619718 0.191549295775
0 0.950704225352 0.544366197183 0.046009389671 0.235211267606
0 0.455868544601 0.529577464789 0.044131455399 0.200000000000
0 0.077934272300 0.537323943662 0.052582159624 0.215492957746
0 0.212206572770 0.531690140845 0.046948356808 0.207042253521
0 0.171361502347 0.539436619718 0.044131455399 0.197183098592
0 0.819248826291 0.541549295775 0.046009389671 0.223943661972
0 0.861971830986 0.530281690141 0.052582159624 0.229577464789
0 0.499530516432 0.524647887324 0.045070422535 0.207042253521
0 0.337558685446 0.537323943662 0.042253521127 0.184507042254
0 0.126291079812 0.531690140845 0.053521126761 0.221126760563
0 0.907042253521 0.542957746479 0.052582159624 0.229577464789
0 0.538967136150 0.533802816901 0.039436619718 0.188732394366
0 0.769014084507 0.538732394366 0.045070422535 0.207042253521
0 0.661032863850 0.538732394366 0.035680751174 0.184507042254
0 0.377934272300 0.539436619718 0.036619718310 0.183098591549
0 0.414553990610 0.531690140845 0.040375586854 0.190140845070
