0 0.371843750000 0.508439814815 0.024326388889 0.141842592593
0 0.133069444444 0.604162037037 0.074138888889 0.367601851852
0 0.395350694444 0.509537037037 0.023506944444 0.155037037037
0 0.420072916667 0.517236111111 0.029312500000 0.167138888889
0 0.457819444444 0.524657407407 0.038763888889 0.187481481481
0 0.493694444444 0.533731481481 0.037111111111 0.206722222222
0 0.537614583333 0.543023148148 0.050743055556 0.224324074074
0 0.597805555556 0.555722222222 0.059791666667 0.266092592593
0 0.681736111111 0.575861111111 0.080972222222 0.300870370370
0 0.790590277778 0.591439814815 0.093416666667 0.366675925926
0 0.941743055556 0.633226851852 0.116513888889 0.457250000000
