0 0.296244131455 0.632394366197 0.032863849765 0.216901408451
0 0.397652582160 0.626760563380 0.044131455399 0.208450704225
0 0.267605633803 0.635915492958 0.043192488263 0.243661971831
0 0.363849765258 0.627464788732 0.038497652582 0.221126760563
0 0.678403755869 0.627464788732 0.036619718310 0.209859154930
0 0.331455399061 0.628169014085 0.045070422535 0.219718309859
0 0.812676056338 0.640845070423 0.055399061033 0.253521126761
0 0.190140845070 0.647183098592 0.051643192488 0.277464788732
0 0.723474178404 0.632394366197 0.051643192488 0.228169014085
0 0.230985915493 0.642253521127 0.045070422535 0.253521126761
0 0.627699530516 0.625352112676 0.038497652582 0.216901408451
0 0.584507042254 0.619718309859 0.051643192488 0.222535211268
0 0.065727699531 0.674647887324 0.088262910798 0.312676056338
0 0.546652582160 0.634014084507 0.036647887324 0.190281690141
0 0.864788732394 0.649295774648 0.060093896714 0.270422535211
0 0.457276995305 0.623943661972 0.054460093897 0.219718309859
0 0.764788732394 0.635915492958 0.049765258216 0.243661971831
0 0.143661971831 0.659859154930 0.061971830986 0.300000000000
0 0.501408450704 0.618309859155 0.045070422535 0.222535211268
