0 0.079629629630 0.732365145228 0.110370370370 0.306461173681
0 0.029618518519 0.741680497925 0.059237037037 0.284356846473
0 0.139629629630 0.737403675163 0.100000000000 0.305868405453
0 0.850370370370 0.718138707765 0.128888888889 0.400118553646
0 0.220370370370 0.732957913456 0.135555555556 0.326615293420
0 0.466666666667 0.732068761114 0.155555555556 0.373443983402
0 0.618888888889 0.727030231180 0.162222222222 0.406046235922
0 0.750000000000 0.726437462952 0.187407407407 0.426200355661
0 0.323333333333 0.733254297570 0.137037037037 0.337877889745
0 0.932592592593 0.724362774155 0.134814814815 0.480142264375
