0 0.450925925926 0.393840104849 0.020370370370 0.082568807339
0 0.026851851852 0.665792922674 0.053703703704 0.495412844037
0 0.429166666667 0.392529488860 0.021296296296 0.079947575360
0 0.294444444444 0.312581913499 0.020370370370 0.053735255570
0 0.309259259259 0.458715596330 0.050000000000 0.228047182176
0 0.353638888889 0.428099606815 0.031462962963 0.171297509830
0 0.273148148148 0.467234600262 0.062962962963 0.273918741809
0 0.933333333333 0.429882044561 0.050000000000 0.186107470511
0 0.868657407407 0.449541284404 0.051574074074 0.246395806029
0 0.092592592593 0.555045871560 0.174074074074 0.528178243775
0 0.234259259259 0.481651376147 0.070370370370 0.310615989515
0 0.151712962963 0.518348623853 0.086759259259 0.428571428571
