0 0.392232638889 0.354886749717 0.040965277778 0.056024915062
0 0.626989583333 0.395486976217 0.034354166667 0.068618346546
0 0.608145833333 0.328680634202 0.047597222222 0.068618346546
0 0.331868055556 0.335894677237 0.040972222222 0.068618346546
0 0.546180555556 0.517780294451 0.054861111111 0.294450736127
0 0.606250000000 0.520951302378 0.063888888889 0.294450736127
0 0.763541666667 0.530011325028 0.059027777778 0.337485843715
0 0.947222222222 0.558890147225 0.104166666667 0.451868629672
0 0.873958333333 0.550396375991 0.065972222222 0.382785956965
0 0.475180555556 0.335243488109 0.041708333333 0.061200453001
0 0.582569444444 0.351387315968 0.035444444444 0.066308040770
0 0.348611111111 0.536240090600 0.058333333333 0.297848244621
0 0.823958333333 0.533975084938 0.072916666667 0.365798414496
0 0.168055555556 0.563420158550 0.062500000000 0.356738391846
0 0.225347222222 0.545866364666 0.070138888889 0.337485843715
0 0.708333333333 0.529445073613 0.061111111111 0.315968289921
0 0.490625000000 0.512457531144 0.059027777778 0.306908267271
0 0.659027777778 0.515855039638 0.056944444444 0.320498301246
0 0.288541666667 0.539071347678 0.070138888889 0.321630804077
0 0.040625000000 0.554360135900 0.081250000000 0.397508493771
0 0.081250000000 0.571913929785 0.065277777778 0.382785956965
0 0.444097222222 0.522083805210 0.045138888889 0.294450736127
0 0.396527777778 0.526613816535 0.054166666667 0.294450736127
