0 0.151992187500 0.810472222222 0.043421875000 0.260055555556
0 0.560195312500 0.821791666667 0.060421875000 0.274361111111
0 0.861937500000 0.808152777778 0.049937500000 0.259527777778
0 0.813914062500 0.816541666667 0.053078125000 0.256416666667
0 0.756289062500 0.821791666667 0.057265625000 0.254472222222
0 0.700937500000 0.814375000000 0.063218750000 0.281861111111
0 0.631265625000 0.819958333333 0.061468750000 0.275638888889
0 0.114281250000 0.808444444444 0.032000000000 0.239722222222
0 0.204179687500 0.812500000000 0.047234375000 0.272222222222
0 0.259023437500 0.820625000000 0.053328125000 0.269527777778
0 0.320734375000 0.825375000000 0.050281250000 0.270861111111
0 0.373687500000 0.826041666667 0.044937500000 0.269527777778
0 0.433492187500 0.825361111111 0.056390625000 0.281722222222
0 0.498625000000 0.824694444444 0.060187500000 0.272222222222
