0 0.017909356725 0.345185995624 0.035818713450 0.160831509847
0 0.958698830409 0.319474835886 0.082602339181 0.181619256018
0 0.063961988304 0.622538293217 0.127923976608 0.741794310722
0 0.243421052632 0.333150984683 0.068713450292 0.141137855580
0 0.863304093567 0.346280087527 0.122807017544 0.237417943107
0 0.683114035088 0.616520787746 0.135233918129 0.745076586433
0 0.126096491228 0.618708971554 0.249269005848 0.747264770241
0 0.890350877193 0.333698030635 0.057017543860 0.102844638950
0 0.939692982456 0.647155361050 0.120614035088 0.688183807440
0 0.302997076023 0.611597374179 0.173245614035 0.757111597374
0 0.823099415205 0.615973741794 0.235380116959 0.746170678337
0 0.211257309942 0.342997811816 0.042397660819 0.103938730853
0 0.063596491228 0.471553610503 0.127192982456 0.433260393873
