0 0.760000000000 0.766449318317 0.180740740741 0.417308832247
0 0.167037037037 0.776229994072 0.097037037037 0.293420272673
0 0.247777777778 0.770598695910 0.132592592593 0.316538233551
0 0.632962962963 0.766449318317 0.157777777778 0.394783639597
0 0.488518518519 0.771487848251 0.148888888889 0.358624777712
0 0.347777777778 0.772969768820 0.137037037037 0.327208061648
0 0.932592592593 0.762892708951 0.134814814815 0.462359217546
0 0.864444444444 0.763781861292 0.118518518519 0.377593360996
0 0.048888888889 0.779786603438 0.088888888889 0.270895080024
0 0.107777777778 0.772080616479 0.108888888889 0.292234736218
