0 0.459315972222 0.629752421959 0.033020833333 0.073132400431
0 0.270486111111 0.746501614639 0.060416666667 0.339074273412
0 0.155555555556 0.757265877287 0.065277777778 0.334768568353
0 0.400343750000 0.627658772874 0.039090277778 0.068945102260
0 0.569173611111 0.637588805167 0.035722222222 0.072077502691
0 0.851736111111 0.804628632939 0.050694444444 0.315392895587
0 0.754166666667 0.795479009688 0.052777777778 0.314316469322
0 0.542708333333 0.768568353068 0.056250000000 0.288482238967
0 0.365625000000 0.762648008611 0.053472222222 0.280947255113
0 0.895833333333 0.799784714747 0.056944444444 0.346609257266
0 0.320138888889 0.758880516685 0.051388888889 0.292787944026
0 0.597222222222 0.766953713671 0.066666666667 0.317545748116
0 0.655902777778 0.783100107643 0.060416666667 0.302475780409
0 0.419097222222 0.758880516685 0.060416666667 0.294940796555
0 0.709375000000 0.793864370291 0.063194444444 0.306781485468
0 0.482638888889 0.750269106566 0.066666666667 0.325080731970
0 0.803472222222 0.797631862217 0.066666666667 0.322927879440
