0 0.562746942615 0.610446175637 0.068824082785 0.293016997167
0 0.286491063029 0.563342776204 0.046961429915 0.155467422096
0 0.969426152399 0.682719546742 0.061147695202 0.467422096317
0 0.820790216369 0.503541076487 0.061147695202 0.106232294618
0 0.206961429915 0.580736543909 0.048918156162 0.235127478754
0 0.171683913452 0.585694050992 0.046095954845 0.242209631728
0 0.980244590781 0.747875354108 0.039510818438 0.359773371105
0 0.645343367827 0.626770538244 0.094073377234 0.324362606232
0 0.352775164628 0.591359773371 0.063969896519 0.250708215297
0 0.886171213547 0.633852691218 0.114769520226 0.381019830028
0 0.423800564440 0.675637393768 0.081843838194 0.436260623229
0 0.127939793039 0.621813031161 0.079021636877 0.354107648725
0 0.761523988711 0.705382436261 0.164628410160 0.583569405099
