0 0.594151031895 0.610330520394 0.093142589118 0.384374120956
0 0.623696060038 0.491708860759 0.026041275797 0.060070323488
0 0.014409005629 0.604324894515 0.028818011257 0.324317862166
0 0.276186679174 0.569789029536 0.038058161351 0.234233473980
0 0.877565666041 0.542011251758 0.051078799250 0.184697609001
0 0.133972795497 0.600569620253 0.086125703565 0.346849507736
0 0.221102251407 0.610330520394 0.078114446529 0.384374120956
0 0.318250469043 0.611082981716 0.094136960600 0.376877637131
0 0.506524390244 0.605822784810 0.080121951220 0.399409282700
0 0.754385553471 0.617088607595 0.081116322702 0.385879043601
0 0.844521575985 0.614838255977 0.093133208255 0.384388185654
0 0.942162288931 0.613333333333 0.080121951220 0.390379746835
