0 0.593561995598 0.509768722467 0.029002201027 0.321321585903
0 0.567054292003 0.493248898678 0.028004402054 0.303303964758
0 0.546052824652 0.484994493392 0.026016140866 0.280781938326
0 0.525044020543 0.476734581498 0.028004402054 0.264262114537
0 0.711595744681 0.578083700441 0.073022743947 0.466960352423
0 0.508539985326 0.472224669604 0.029009537784 0.249251101322
0 0.789115920763 0.618628854626 0.092024944974 0.548050660793
0 0.901643433602 0.678683920705 0.125033015407 0.632125550661
0 0.107435803375 0.491751101322 0.063015407190 0.366365638767
0 0.659079236977 0.545798458150 0.056016140866 0.405407488987
0 0.625069699193 0.531536343612 0.030007336757 0.355848017621
