0 0.681690140845 0.663380281690 0.046948356808 0.211267605634
0 0.525755868545 0.645211267606 0.034291079812 0.173408450704
0 0.562910798122 0.648591549296 0.029107981221 0.178873239437
0 0.712206572770 0.654929577465 0.036619718310 0.202816901408
0 0.590610328638 0.650000000000 0.039436619718 0.192957746479
0 0.348356807512 0.655633802817 0.033802816901 0.187323943662
0 0.322065727700 0.650000000000 0.037558685446 0.204225352113
0 0.494366197183 0.645774647887 0.042253521127 0.201408450704
0 0.813145539906 0.661267605634 0.037558685446 0.212676056338
0 0.453521126761 0.648591549296 0.039436619718 0.198591549296
0 0.886384976526 0.661971830986 0.046948356808 0.225352112676
0 0.975586854460 0.676760563380 0.048826291080 0.254929577465
0 0.930516431925 0.670422535211 0.056338028169 0.236619718310
0 0.417840375587 0.649295774648 0.041314553991 0.197183098592
0 0.743661971831 0.654225352113 0.043192488263 0.207042253521
0 0.292957746479 0.658450704225 0.046948356808 0.207042253521
0 0.175586854460 0.671126760563 0.048826291080 0.215492957746
0 0.627699530516 0.658450704225 0.042253521127 0.207042253521
0 0.849765258216 0.661267605634 0.050704225352 0.218309859155
0 0.780281690141 0.661971830986 0.043192488263 0.208450704225
0 0.068544600939 0.676760563380 0.048826291080 0.252112676056
0 0.218309859155 0.666197183099 0.040375586854 0.216901408451
0 0.123004694836 0.662676056338 0.061971830986 0.263380281690
0 0.255399061033 0.657746478873 0.045070422535 0.211267605634
0 0.026760563380 0.682394366197 0.053521126761 0.257746478873
