0 0.184615384615 0.575824175824 0.038095238095 0.153846153846
0 0.802003663004 0.571461538462 0.036183150183 0.159538461538
0 0.650150183150 0.573516483516 0.037282051282 0.150483516484
0 0.691263736264 0.573109890110 0.035084249084 0.146373626374
0 0.728271062271 0.573928571429 0.036732600733 0.151307692308
0 0.619450549451 0.573928571429 0.032893772894 0.151307692308
0 0.243369963370 0.579681318681 0.033992673993 0.149670329670
0 0.276538461538 0.578862637363 0.027963369963 0.151307692308
0 0.563003663004 0.568131868132 0.028571428571 0.151648351648
0 0.766300366300 0.572527472527 0.032234432234 0.153846153846
0 0.216117216117 0.575824175824 0.030769230769 0.149450549451
0 0.935531135531 0.570329670330 0.029304029304 0.131868131868
0 0.910622710623 0.569230769231 0.030769230769 0.136263736264
0 0.585347985348 0.570879120879 0.026373626374 0.146153846154
0 0.244761904762 0.483923076923 0.017465201465 0.032747252747
0 0.186157509158 0.485692307692 0.019816849817 0.024175824176
0 0.041758241758 0.579120879121 0.038095238095 0.149450549451
0 0.150915750916 0.575274725275 0.039560439560 0.159340659341
0 0.988644688645 0.568681318681 0.022710622711 0.139560439560
0 0.865201465201 0.574175824176 0.033699633700 0.154945054945
0 0.426739926740 0.572527472527 0.032967032967 0.147252747253
0 0.013919413919 0.581868131868 0.027838827839 0.141758241758
0 0.482051282051 0.569780219780 0.032234432234 0.146153846154
0 0.307692307692 0.574175824176 0.035164835165 0.154945054945
0 0.961172161172 0.568681318681 0.030769230769 0.139560439560
0 0.508791208791 0.571978021978 0.028571428571 0.143956043956
0 0.453113553114 0.573076923077 0.031501831502 0.143956043956
0 0.163318681319 0.485439560440 0.021157509158 0.021670329670
0 0.321677655678 0.509368131868 0.015443223443 0.030230769231
0 0.357611721612 0.484434065934 0.017465201465 0.028714285714
0 0.500186813187 0.484434065934 0.019142857143 0.023681318681
0 0.420252747253 0.481153846154 0.019816849817 0.033252747253
0 0.612029304029 0.483670329670 0.021157509158 0.026197802198
0 0.523194139194 0.475109890110 0.018813186813 0.032241758242
0 0.920659340659 0.517972527473 0.017728937729 0.043285714286
0 0.886080586081 0.568076923077 0.022417582418 0.137692307692
0 0.398754578755 0.576813186813 0.021684981685 0.138901098901
0 0.373443223443 0.578532967033 0.025567765568 0.142934065934
0 0.535941391941 0.570565934066 0.032967032967 0.150296703297
0 0.342490842491 0.574758241758 0.032967032967 0.148351648352
0 0.540992673993 0.480148351648 0.015450549451 0.028208791209
