0 0.553125000000 0.579633204633 0.056250000000 0.244208494208
0 0.166666666667 0.579633204633 0.065277777778 0.288610038610
0 0.472722222222 0.581172779923 0.025666666667 0.211592664093
0 0.222569444444 0.584459459459 0.056250000000 0.246138996139
0 0.100694444444 0.578667953668 0.084722222222 0.327220077220
0 0.600347222222 0.591698841699 0.045138888889 0.216216216216
0 0.317361111111 0.584942084942 0.047222222222 0.223938223938
0 0.810069444444 0.594111969112 0.049305555556 0.221042471042
0 0.401388888889 0.586389961390 0.043055555556 0.217181467181
0 0.771180555556 0.586389961390 0.052083333333 0.226833976834
0 0.723958333333 0.590250965251 0.046527777778 0.217181467181
0 0.274652777778 0.581081081081 0.054861111111 0.243243243243
0 0.688194444444 0.591216216216 0.045833333333 0.219111969112
0 0.359027777778 0.583976833977 0.052777777778 0.225868725869
0 0.856944444444 0.596525096525 0.058333333333 0.218146718147
0 0.440972222222 0.580115830116 0.050000000000 0.239382239382
0 0.645833333333 0.588803088803 0.056944444444 0.227799227799
