0 0.051036070606 0.352026390198 0.102072141213 0.215834118756
0 0.432079815810 0.548067860509 0.429777436685 0.877474081056
0 0.122793553338 0.606974552309 0.244052187260 0.765315739868
0 0.587106676899 0.347785108388 0.144282425173 0.280867106503
0 0.681120491174 0.340245051838 0.112816577130 0.354382657870
0 0.753645433615 0.539585296890 0.491174213354 0.894439208294
0 0.226016884114 0.328934967012 0.089792785879 0.152686145146
0 0.291250959325 0.371347785108 0.126630851880 0.222431668238
0 0.953184957790 0.255890669180 0.092095165004 0.379830348728
0 0.618956254797 0.170593779453 0.045280122794 0.079170593779
0 0.019953952417 0.366635249764 0.039907904835 0.056550424128
0 0.713737528780 0.131950989632 0.038372985418 0.069745523091
