0 0.776388888889 0.750555555556 0.061111111111 0.338888888889
0 0.205906250000 0.596711111111 0.039993055556 0.085844444444
0 0.577055555556 0.596327777778 0.033166666667 0.077255555556
0 0.359722222222 0.738333333333 0.070833333333 0.361111111111
0 0.293402777778 0.738888888889 0.084027777778 0.371111111111
0 0.167708333333 0.745555555556 0.079861111111 0.362222222222
0 0.043402777778 0.754444444444 0.086805555556 0.373333333333
0 0.718750000000 0.745555555556 0.069444444444 0.346666666667
0 0.833680555556 0.757222222222 0.064583333333 0.325555555556
0 0.655208333333 0.748888888889 0.059027777778 0.328888888889
0 0.418750000000 0.734444444444 0.062500000000 0.351111111111
0 0.232986111111 0.741111111111 0.067361111111 0.355555555556
0 0.602430555556 0.747777777778 0.061805555556 0.308888888889
0 0.542013888889 0.728333333333 0.065972222222 0.356666666667
0 0.939930555556 0.756111111111 0.068750000000 0.330000000000
0 0.477430555556 0.739444444444 0.059027777778 0.350000000000
0 0.981250000000 0.757777777778 0.037500000000 0.331111111111
0 0.022916666667 0.748333333333 0.045833333333 0.383333333333
0 0.504861111111 0.730000000000 0.037500000000 0.322222222222
