0 0.256885416667 0.456484736355 0.044326388889 0.055263644773
0 0.455208333333 0.561517113784 0.052083333333 0.207215541166
0 0.643750000000 0.563829787234 0.045833333333 0.198889916744
0 0.145486111111 0.562904717854 0.054861111111 0.213691026827
0 0.781944444444 0.563829787234 0.047222222222 0.198889916744
0 0.929861111111 0.561054579093 0.048611111111 0.204440333025
0 0.201736111111 0.564292321924 0.054861111111 0.207215541166
0 0.830555555556 0.565217391304 0.051388888889 0.196114708603
0 0.509027777778 0.551341350601 0.051388888889 0.223866790009
0 0.971180555556 0.541165587419 0.052083333333 0.188714153562
0 0.738194444444 0.564754856614 0.047222222222 0.198889916744
0 0.304166666667 0.566142460685 0.047222222222 0.190564292322
0 0.065972222222 0.531914893617 0.056944444444 0.186864014801
0 0.689583333333 0.561054579093 0.050000000000 0.204440333025
0 0.256250000000 0.562442183164 0.051388888889 0.205365402405
0 0.405208333333 0.565679925994 0.052083333333 0.204440333025
0 0.342628472222 0.541211840888 0.042437500000 0.191859389454
0 0.118232638889 0.536928769658 0.041145833333 0.186716003700
0 0.950267361111 0.453783533765 0.031687500000 0.055263644773
0 0.955083333333 0.425101757632 0.041319444444 0.041137835338
0 0.405020833333 0.429500462535 0.029625000000 0.055263644773
0 0.210569444444 0.458506012951 0.041833333333 0.055272895467
0 0.278923611111 0.434902867715 0.031736111111 0.055263644773
0 0.354618055556 0.446040703053 0.041319444444 0.050564292322
0 0.880902777778 0.426133209991 0.026666666667 0.055263644773
0 0.689027777778 0.424107308048 0.030694444444 0.055263644773
0 0.750034722222 0.451086956522 0.041319444444 0.055272895467
0 0.764722222222 0.422086031452 0.032222222222 0.055272895467
0 0.918125000000 0.429500462535 0.036250000000 0.055263644773
0 0.811298611111 0.474014801110 0.041319444444 0.055263644773
0 0.722694444444 0.465249768733 0.041319444444 0.055272895467
0 0.619409722222 0.434246068455 0.041319444444 0.059352451434
0 0.564232638889 0.468950046253 0.046395833333 0.076160962072
0 0.325250000000 0.433570767808 0.041319444444 0.051267345051
0 0.871875000000 0.562442183164 0.052083333333 0.203515263645
0 0.166534722222 0.463228492137 0.040819444444 0.055263644773
0 0.469059027778 0.426151711378 0.039326388889 0.052599444958
0 0.510937500000 0.427224791859 0.041319444444 0.055263644773
0 0.568458333333 0.567668825162 0.054166666667 0.199814986124
