0 0.513888888889 0.781481481481 0.038888888889 0.209876543210
0 0.649305555556 0.727160493827 0.029166666667 0.140740740741
0 0.550000000000 0.762962962963 0.036111111111 0.187654320988
0 0.621527777778 0.735802469136 0.031944444444 0.153086419753
0 0.264333333333 0.788888888889 0.044444444444 0.224691358025
0 0.243125000000 0.769395061728 0.024583333333 0.189604938272
0 0.293750000000 0.804938271605 0.051388888889 0.256790123457
0 0.592361111111 0.748148148148 0.034722222222 0.167901234568
0 0.370138888889 0.822222222222 0.059722222222 0.281481481481
0 0.466666666667 0.793827160494 0.055555555556 0.244444444444
