0 0.163163489736 0.555000000000 0.039846041056 0.222995594714
0 0.477489002933 0.523133259912 0.039728739003 0.178403083700
0 0.749156891496 0.507929515419 0.018988269795 0.149339207048
0 0.189222873900 0.551651982379 0.030645161290 0.208810572687
0 0.223181818182 0.547885462555 0.034926686217 0.187268722467
0 0.281198680352 0.537670704846 0.026766862170 0.181993392070
0 0.332609970674 0.512890969163 0.034926686217 0.170914096916
0 0.813782991202 0.507048458150 0.029472140762 0.155726872247
0 0.774340175953 0.511536343612 0.032844574780 0.146310572687
0 0.254274193548 0.544818281938 0.034926686217 0.181993392070
0 0.843009530792 0.506222466960 0.036898826979 0.154955947137
0 0.678082844575 0.509911894273 0.030564516129 0.157400881057
0 0.551686217009 0.522577092511 0.038856304985 0.164096916300
0 0.514662756598 0.517621145374 0.038123167155 0.185022026432
0 0.109640762463 0.557819383260 0.047727272727 0.256607929515
0 0.429252199413 0.526431718062 0.041788856305 0.176211453744
0 0.581011730205 0.514317180617 0.034457478006 0.171806167401
0 0.876099706745 0.506607929515 0.041055718475 0.160792951542
0 0.615469208211 0.515969162996 0.034457478006 0.159691629956
0 0.722507331378 0.506607929515 0.035923753666 0.156387665198
0 0.643695014663 0.515418502203 0.033724340176 0.154185022026
0 0.313519061584 0.539014317181 0.038196480938 0.179548458150
0 0.365366568915 0.514008810573 0.034926686217 0.167246696035
0 0.399747067449 0.508270925110 0.033834310850 0.163964757709
