0 0.265187500000 0.706388206388 0.054597222222 0.264963144963
0 0.200756944444 0.711633906634 0.061791666667 0.283169533170
0 0.129138888889 0.711621621622 0.058972222222 0.294201474201
0 0.850222222222 0.694410319410 0.066222222222 0.296486486486
0 0.767708333333 0.694410319410 0.059638888889 0.281056511057
0 0.705465277778 0.693636363636 0.052680555556 0.273366093366
0 0.626243055556 0.683636363636 0.053541666667 0.282604422604
0 0.542013888889 0.685552825553 0.053972222222 0.271056511057
0 0.486729166667 0.697481572482 0.050486111111 0.257960687961
0 0.321041666667 0.695343980344 0.063972222222 0.271572481572
0 0.426881944444 0.629336609337 0.048319444444 0.154004914005
