0 0.583593750000 0.662500000000 0.132812500000 0.280000000000
0 0.787890625000 0.755625000000 0.216406250000 0.473750000000
0 0.039062500000 0.754375000000 0.078125000000 0.473750000000
0 0.905468750000 0.728125000000 0.150000000000 0.373750000000
0 0.475390625000 0.717500000000 0.150781250000 0.355000000000
0 0.235156250000 0.493125000000 0.112500000000 0.303750000000
0 0.847265625000 0.527500000000 0.080468750000 0.252500000000
0 0.900781250000 0.548125000000 0.126562500000 0.266250000000
0 0.317578125000 0.741875000000 0.122656250000 0.458750000000
0 0.346093750000 0.540000000000 0.117187500000 0.402500000000
0 0.159765625000 0.796875000000 0.205468750000 0.393750000000
0 0.656640625000 0.663125000000 0.099218750000 0.286250000000
0 0.154687500000 0.442500000000 0.095312500000 0.260000000000
0 0.650390625000 0.505625000000 0.074218750000 0.171250000000
0 0.193359375000 0.674375000000 0.155468750000 0.386250000000
0 0.704687500000 0.589375000000 0.060937500000 0.148750000000
0 0.091406250000 0.461250000000 0.095312500000 0.277500000000
0 0.807031250000 0.523750000000 0.056250000000 0.217500000000
0 0.482460937500 0.485543750000 0.119453125000 0.202912500000
