0 0.459722222222 0.666666666667 0.077777777778 0.316666666667
0 0.345138888889 0.667129629630 0.084722222222 0.302777777778
0 0.456944444444 0.523611111111 0.076388888889 0.139814814815
0 0.734722222222 0.643981481481 0.058333333333 0.299074074074
0 0.269548611111 0.426652777778 0.039097222222 0.066694444444
0 0.379600694444 0.418578703704 0.040409722222 0.072324074074
0 0.412263888889 0.446023148148 0.046305555556 0.080175925926
0 0.488000000000 0.433393518519 0.053444444444 0.073212962963
0 0.541232638889 0.413796296296 0.054756944444 0.082777777778
0 0.655559027778 0.486481481481 0.054159722222 0.105370370370
0 0.530309027778 0.452740740741 0.044659722222 0.067481481481
0 0.447204861111 0.464217592593 0.058506944444 0.078787037037
0 0.502243055556 0.497416666667 0.056208333333 0.104611111111
0 0.568062500000 0.484111111111 0.060263888889 0.090481481481
0 0.259604166667 0.511555555556 0.079597222222 0.112370370370
0 0.532493055556 0.668712962963 0.080555555556 0.320370370370
0 0.695118055556 0.667574074074 0.074305555556 0.317592592593
0 0.253819444444 0.660648148148 0.079861111111 0.336111111111
0 0.163888888889 0.685648148148 0.083333333333 0.337962962963
0 0.619791666667 0.668518518519 0.085416666667 0.320370370370
0 0.781250000000 0.683333333333 0.101388888889 0.320370370370
0 0.113194444444 0.658796296296 0.070833333333 0.343518518519
0 0.387152777778 0.591666666667 0.065972222222 0.309259259259
0 0.317361111111 0.598148148148 0.063888888889 0.300000000000
0 0.615190972222 0.518754629630 0.072395833333 0.101750000000
0 0.199791666667 0.541078703704 0.062361111111 0.093583333333
0 0.294350694444 0.459060185185 0.050187500000 0.090583333333
0 0.325548611111 0.436842592593 0.044652777778 0.073148148148
