0 0.872500000000 0.705000000000 0.113333333333 0.432222222222
0 0.188845833333 0.407911111111 0.062308333333 0.090733333333
0 0.346866666667 0.441444444444 0.068833333333 0.087777777778
0 0.457262500000 0.427722222222 0.041308333333 0.090733333333
0 0.276266666667 0.449966666667 0.068833333333 0.090733333333
0 0.643091666667 0.693333333333 0.080833333333 0.393333333333
0 0.364583333333 0.693333333333 0.095833333333 0.424444444444
0 0.200416666667 0.710000000000 0.090833333333 0.404444444444
0 0.700000000000 0.704444444444 0.096666666667 0.411111111111
0 0.780833333333 0.703333333333 0.088333333333 0.413333333333
0 0.283416666667 0.703266666667 0.103333333333 0.441111111111
0 0.067841666667 0.570238888889 0.068833333333 0.212633333333
0 0.690833333333 0.466838888889 0.068833333333 0.079877777778
0 0.658316666667 0.526444444444 0.053966666667 0.090733333333
0 0.609166666667 0.702777777778 0.093333333333 0.410000000000
0 0.522916666667 0.681111111111 0.089166666667 0.437777777778
0 0.256775000000 0.426222222222 0.068833333333 0.090733333333
0 0.104583333333 0.693333333333 0.134166666667 0.448888888889
0 0.422654166667 0.459633333333 0.072858333333 0.090733333333
