0 0.137152777778 0.686401480111 0.049305555556 0.234967622572
0 0.205010416667 0.579278445883 0.032062500000 0.055374653099
0 0.327940972222 0.564671600370 0.029326388889 0.047530064755
0 0.465951388889 0.556794634598 0.029333333333 0.065504162812
0 0.612819444444 0.582368177613 0.032277777778 0.055374653099
0 0.716427083333 0.567187789084 0.033534722222 0.055374653099
0 0.591614583333 0.561563367253 0.029965277778 0.055374653099
0 0.551951388889 0.557349676226 0.032513888889 0.055383903793
0 0.446114583333 0.576466234968 0.029326388889 0.055374653099
0 0.417739583333 0.563533765032 0.026187500000 0.055374653099
0 0.376895833333 0.552007400555 0.029333333333 0.055374653099
0 0.176520833333 0.560439407956 0.035013888889 0.055383903793
0 0.221906250000 0.552849213691 0.026604166667 0.055374653099
0 0.252704861111 0.582516188714 0.031659722222 0.060129509713
0 0.308409722222 0.579278445883 0.032902777778 0.055374653099
0 0.347888888889 0.549888991674 0.029333333333 0.055374653099
0 0.283541666667 0.672627197040 0.059722222222 0.228492136910
0 0.632152777778 0.686780758557 0.052777777778 0.228492136910
0 0.051187500000 0.669024051804 0.045972222222 0.193681776133
0 0.585763888889 0.685013876041 0.054861111111 0.230342275671
0 0.662152777778 0.679925994450 0.043750000000 0.233117483811
0 0.783680555556 0.682238667900 0.054861111111 0.221091581869
0 0.533333333333 0.689176688252 0.051388888889 0.220166512488
0 0.740625000000 0.680851063830 0.046527777778 0.229417206290
0 0.701041666667 0.680851063830 0.047916666667 0.234967622572
0 0.180208333333 0.686864014801 0.053472222222 0.234042553191
0 0.335069444444 0.690101757632 0.052083333333 0.222016651249
0 0.382638888889 0.679463459759 0.051388888889 0.243293246994
0 0.226388888889 0.684551341351 0.055555555556 0.238667900093
0 0.428472222222 0.689176688252 0.056944444444 0.227567067530
0 0.820833333333 0.719703977798 0.056944444444 0.244218316374
0 0.099305555556 0.708603145236 0.069444444444 0.244218316374
0 0.482986111111 0.680388529140 0.057638888889 0.246993524514
0 0.884027777778 0.726641998150 0.075000000000 0.254394079556
0 0.949652777778 0.729879740981 0.077083333333 0.270120259019
0 0.585763888889 0.685013876041 0.054861111111 0.230342275671
0 0.662152777778 0.679925994450 0.043750000000 0.233117483811
0 0.783680555556 0.682238667900 0.054861111111 0.221091581869
0 0.533333333333 0.689176688252 0.051388888889 0.220166512488
0 0.740625000000 0.680851063830 0.046527777778 0.229417206290
0 0.701041666667 0.680851063830 0.047916666667 0.234967622572
0 0.180208333333 0.686864014801 0.053472222222 0.234042553191
0 0.137152777778 0.686401480111 0.049305555556 0.234967622572
0 0.631944444444 0.685938945421 0.052777777778 0.228492136910
0 0.283333333333 0.672062904718 0.059722222222 0.228492136910
0 0.335069444444 0.690101757632 0.052083333333 0.222016651249
0 0.382638888889 0.679463459759 0.051388888889 0.243293246994
0 0.226388888889 0.684551341351 0.055555555556 0.238667900093
0 0.428472222222 0.689176688252 0.056944444444 0.227567067530
0 0.820833333333 0.719703977798 0.056944444444 0.244218316374
0 0.099305555556 0.708603145236 0.069444444444 0.244218316374
0 0.482986111111 0.680388529140 0.057638888889 0.246993524514
0 0.884027777778 0.726641998150 0.075000000000 0.254394079556
0 0.949652777778 0.729879740981 0.077083333333 0.270120259019
