0 0.140656250000 0.695500618047 0.011465277778 0.090333745365
0 0.147562500000 0.695160692213 0.012375000000 0.101644004944
0 0.203836805556 0.687527812114 0.020576388889 0.127045735476
0 0.169204861111 0.691143386897 0.012423611111 0.107700865266
0 0.161614583333 0.692985166873 0.014326388889 0.111804697157
0 0.221673611111 0.691359703337 0.032486111111 0.134907292954
0 0.250364583333 0.692323856613 0.020576388889 0.175377008653
0 0.321527777778 0.692830655130 0.027777777778 0.171817058096
0 0.399652777778 0.694684796044 0.039583333333 0.173053152040
0 0.371527777778 0.691594561187 0.030555555556 0.164400494438
0 0.439930555556 0.692830655130 0.035416666667 0.164400494438
0 0.345486111111 0.702101359703 0.039583333333 0.170580964153
0 0.088194444444 0.700247218789 0.037500000000 0.164400494438
0 0.833333333333 0.682941903585 0.066666666667 0.270704573548
0 0.022222222222 0.704573547590 0.044444444444 0.212608158220
0 0.290625000000 0.694066749073 0.034027777778 0.196538936959
0 0.476902777778 0.688393077874 0.031250000000 0.161928306551
0 0.595138888889 0.694066749073 0.079166666667 0.406674907293
0 0.449590277778 0.620809641533 0.020569444444 0.038479604450
0 0.411444444444 0.622404202719 0.020569444444 0.033312731768
0 0.192291666667 0.689363411619 0.020569444444 0.116205191595
0 0.182784722222 0.691137206428 0.020569444444 0.117354758962
