0 0.508593750000 0.833333333333 0.026562500000 0.144444444444
0 0.619531250000 0.856944444444 0.026562500000 0.147222222222
0 0.652343750000 0.865277777778 0.026562500000 0.147222222222
0 0.310156250000 0.879166666667 0.023437500000 0.152777777778
0 0.592968750000 0.848611111111 0.029687500000 0.141666666667
0 0.564062500000 0.831944444444 0.025000000000 0.125000000000
0 0.678906250000 0.876388888889 0.029687500000 0.152777777778
0 0.369531250000 0.856944444444 0.023437500000 0.141666666667
0 0.535156250000 0.834722222222 0.026562500000 0.136111111111
0 0.481250000000 0.834722222222 0.025000000000 0.141666666667
0 0.394531250000 0.847222222222 0.029687500000 0.144444444444
0 0.425000000000 0.830555555556 0.028125000000 0.133333333333
0 0.454687500000 0.831944444444 0.028125000000 0.141666666667
0 0.339062500000 0.866666666667 0.028125000000 0.144444444444
