0 0.106593406593 0.654395604396 0.054945054945 0.326373626374
0 0.837362637363 0.668681318681 0.073260073260 0.297802197802
0 0.747985347985 0.653846153846 0.054212454212 0.272527472527
0 0.283516483516 0.615934065934 0.035164835165 0.264835164835
0 0.315750915751 0.615934065934 0.041025641026 0.251648351648
0 0.710622710623 0.647252747253 0.042490842491 0.257142857143
0 0.170695970696 0.646703296703 0.045421245421 0.282417582418
0 0.671794871795 0.646703296703 0.055677655678 0.251648351648
0 0.629304029304 0.637912087912 0.048351648352 0.251648351648
0 0.577289377289 0.632417582418 0.052747252747 0.249450549451
0 0.385347985348 0.615934065934 0.036630036630 0.245054945055
0 0.792673992674 0.661538461538 0.054212454212 0.279120879121
0 0.355677655678 0.620329670330 0.049084249084 0.251648351648
0 0.053846153846 0.671978021978 0.076923076923 0.352747252747
0 0.931868131868 0.701098901099 0.074725274725 0.340659340659
0 0.210989010989 0.639010989011 0.048351648352 0.267032967033
0 0.417216117216 0.624725274725 0.050549450549 0.251648351648
0 0.254578754579 0.628571428571 0.049084249084 0.272527472527
0 0.469963369963 0.622527472527 0.047619047619 0.253846153846
0 0.520600732601 0.627186813187 0.050549450549 0.264835164835
