0 0.741663793103 0.521783590963 0.125189655172 0.522520808561
0 0.702474137931 0.233495838288 0.064224137931 0.072080856124
0 0.970810344828 0.256765755054 0.056603448276 0.229726516052
0 0.830931034483 0.244756242568 0.055517241379 0.169678953627
0 0.781939655172 0.244756242568 0.088172413793 0.184684898930
0 0.909206896552 0.510523186683 0.181586206897 0.584090368609
0 0.593616379310 0.195957193817 0.040284482759 0.063067776457
0 0.620288793103 0.534548156956 0.106681034483 0.617110582640
0 0.497275862069 0.530041617122 0.134982758621 0.719227110583
0 0.318202586207 0.557818073722 0.162198275862 0.570570749108
