0 0.427699530516 0.642253521127 0.023474178404 0.160563380282
0 0.380281690141 0.652816901408 0.030046948357 0.161971830986
0 0.295774647887 0.660563380282 0.026291079812 0.174647887324
0 0.890610328638 0.662676056338 0.038497652582 0.198591549296
0 0.666666666667 0.640140845070 0.035680751174 0.164788732394
0 0.512741784038 0.642859154930 0.040375586854 0.166197183099
0 0.804901408451 0.648788732394 0.040375586854 0.171830985915
0 0.634572769953 0.639500000000 0.031924882629 0.163253521127
0 0.497370892019 0.575507042254 0.018779342723 0.031239436620
0 0.527441314554 0.566718309859 0.021455399061 0.031239436620
0 0.795117370892 0.570253521127 0.023474178404 0.040338028169
0 0.767136150235 0.645070422535 0.035680751174 0.169014084507
0 0.733802816901 0.641549295775 0.032863849765 0.170422535211
0 0.703755868545 0.642253521127 0.030985915493 0.166197183099
0 0.449765258216 0.642253521127 0.035680751174 0.169014084507
0 0.320657276995 0.656338028169 0.034741784038 0.174647887324
0 0.833333333333 0.650000000000 0.036619718310 0.187323943662
0 0.859624413146 0.658450704225 0.036619718310 0.190140845070
0 0.546478873239 0.634507042254 0.033802816901 0.176056338028
0 0.404225352113 0.650000000000 0.034741784038 0.167605633803
0 0.215023474178 0.678873239437 0.043192488263 0.214084507042
0 0.273708920188 0.663380281690 0.034741784038 0.185915492958
0 0.247417840376 0.671126760563 0.036619718310 0.190140845070
0 0.352582159624 0.655633802817 0.036619718310 0.161971830986
0 0.182159624413 0.690140845070 0.050704225352 0.222535211268
0 0.919718309859 0.679577464789 0.044131455399 0.229577464789
0 0.132394366197 0.696478873239 0.056338028169 0.223943661972
0 0.607511737089 0.638732394366 0.031924882629 0.164788732394
