0 0.184928571429 0.677548596112 0.095571428571 0.405334773218
0 0.274321428571 0.669460043197 0.093842857143 0.440431965443
0 0.319928571429 0.622138228942 0.065285714286 0.362116630670
0 0.359671428571 0.677505399568 0.089371428571 0.429740820734
0 0.411507142857 0.605928725702 0.062557142857 0.329697624190
0 0.445907142857 0.690356371490 0.077757142857 0.404038876890
0 0.490142857143 0.617419006479 0.073285714286 0.390475161987
0 0.629564285714 0.499179265659 0.073271428571 0.140518358531
0 0.614821428571 0.691047516199 0.093842857143 0.424254859611
0 0.701057142857 0.688347732181 0.085800000000 0.435053995680
0 0.786850000000 0.697807775378 0.091157142857 0.421576673866
