0 0.435163194444 0.523015625000 0.048631944444 0.275947916667
0 0.480097222222 0.523807291667 0.034888888889 0.261677083333
0 0.521329861111 0.522223958333 0.037006944444 0.245822916667
0 0.556222222222 0.524604166667 0.028541666667 0.231541666667
0 0.581069444444 0.521432291667 0.031722222222 0.218864583333
0 0.609614583333 0.515088541667 0.029604166667 0.199822916667
0 0.161329861111 0.527776041667 0.080354166667 0.377447916667
0 0.328381944444 0.529359375000 0.059208333333 0.323531250000
0 0.957989583333 0.546817708333 0.047576388889 0.304468750000
0 0.763447916667 0.527776041667 0.049687500000 0.333052083333
0 0.383357638889 0.528567708333 0.046520833333 0.299739583333
0 0.261243055556 0.528567708333 0.066611111111 0.347322916667
