0 0.647949308756 0.757389896373 0.101728110599 0.113147668394
0 0.594406682028 0.260288212435 0.074896313364 0.064397668394
0 0.532171658986 0.444193652850 0.087016129032 0.127558290155
0 0.513415898618 0.613805051813 0.079850230415 0.108840673575
0 0.587793778802 0.612882124352 0.066716589862 0.108225388601
0 0.475679723502 0.758928108808 0.080944700461 0.113762953368
0 0.557165898618 0.759851036269 0.084216589862 0.114378238342
0 0.428093317972 0.890832253886 0.075472350230 0.120524611399
0 0.517788018433 0.892062823834 0.099539170507 0.120524611399
0 0.609124423963 0.891139896373 0.111566820276 0.117448186528
0 0.701555299539 0.892062823834 0.092972350230 0.120524611399
