0 0.603125000000 0.655000000000 0.060937500000 0.307500000000
0 0.045703125000 0.623125000000 0.069531250000 0.318750000000
0 0.292968750000 0.645000000000 0.059375000000 0.287500000000
0 0.496093750000 0.646875000000 0.051562500000 0.291250000000
0 0.719140625000 0.681875000000 0.050781250000 0.288750000000
0 0.445703125000 0.650625000000 0.050781250000 0.281250000000
0 0.898437500000 0.646875000000 0.048437500000 0.271250000000
0 0.012500000000 0.629375000000 0.025000000000 0.291250000000
0 0.773046875000 0.691250000000 0.072656250000 0.315000000000
0 0.857031250000 0.695625000000 0.082812500000 0.343750000000
0 0.551863281250 0.504681250000 0.044570312500 0.054387500000
0 0.382644531250 0.507118750000 0.044570312500 0.066512500000
0 0.324863281250 0.501650000000 0.044570312500 0.080975000000
0 0.106542968750 0.509506250000 0.055148437500 0.074937500000
0 0.399218750000 0.652500000000 0.054687500000 0.277500000000
0 0.344921875000 0.646250000000 0.063281250000 0.295000000000
0 0.151562500000 0.631875000000 0.045312500000 0.286250000000
0 0.190625000000 0.636250000000 0.068750000000 0.290000000000
0 0.246875000000 0.631250000000 0.059375000000 0.305000000000
0 0.661328125000 0.660000000000 0.061718750000 0.312500000000
0 0.101953125000 0.638125000000 0.071093750000 0.276250000000
