0 0.363194444444 0.503240740741 0.031944444444 0.175000000000
0 0.227777777778 0.520370370370 0.043055555556 0.212962962963
0 0.791319444444 0.524537037037 0.036805555556 0.236111111111
0 0.129357638889 0.531416666667 0.044062500000 0.263277777778
0 0.330555555556 0.506018518519 0.044444444444 0.187962962963
0 0.258333333333 0.511574074074 0.043055555556 0.206481481481
0 0.568055555556 0.509722222222 0.034722222222 0.173148148148
0 0.156250000000 0.525925925926 0.037500000000 0.238888888889
0 0.631250000000 0.511574074074 0.040277777778 0.202777777778
0 0.485763888889 0.498148148148 0.047916666667 0.196296296296
0 0.190625000000 0.524074074074 0.049305555556 0.237037037037
0 0.827083333333 0.531944444444 0.061111111111 0.260185185185
0 0.672222222222 0.515277777778 0.052777777778 0.212037037037
0 0.712847222222 0.515740740741 0.049305555556 0.225925925926
0 0.600000000000 0.509259259259 0.043055555556 0.187037037037
0 0.294444444444 0.510648148148 0.044444444444 0.199074074074
0 0.755902777778 0.520370370370 0.054861111111 0.237037037037
0 0.440972222222 0.508333333333 0.043055555556 0.179629629630
0 0.531944444444 0.506944444444 0.047222222222 0.182407407407
0 0.396527777778 0.506018518519 0.054166666667 0.187962962963
0 0.103125000000 0.541666666667 0.081250000000 0.290740740741
