0 0.392265625000 0.475068750000 0.055156250000 0.078812500000
0 0.166195312500 0.484018750000 0.039500000000 0.078812500000
0 0.010937500000 0.645625000000 0.021875000000 0.271250000000
0 0.242578125000 0.585000000000 0.041406250000 0.292500000000
0 0.962109375000 0.638750000000 0.050781250000 0.287500000000
0 0.045312500000 0.630625000000 0.060937500000 0.311250000000
0 0.087500000000 0.627500000000 0.050000000000 0.302500000000
0 0.769140625000 0.637500000000 0.060156250000 0.300000000000
0 0.870312500000 0.638750000000 0.065625000000 0.300000000000
0 0.191796875000 0.593750000000 0.061718750000 0.280000000000
0 0.276562500000 0.622500000000 0.065625000000 0.262500000000
0 0.454296875000 0.608125000000 0.053906250000 0.261250000000
0 0.610546875000 0.610000000000 0.053906250000 0.277500000000
0 0.397265625000 0.608125000000 0.063281250000 0.261250000000
0 0.139062500000 0.619375000000 0.070312500000 0.313750000000
0 0.509765625000 0.598750000000 0.061718750000 0.275000000000
0 0.337890625000 0.613750000000 0.063281250000 0.270000000000
0 0.827343750000 0.640625000000 0.059375000000 0.298750000000
0 0.561328125000 0.608125000000 0.055468750000 0.261250000000
0 0.810710937500 0.491868750000 0.039500000000 0.089012500000
0 0.663281250000 0.624375000000 0.064062500000 0.251250000000
0 0.720703125000 0.639375000000 0.061718750000 0.298750000000
0 0.650984375000 0.486768750000 0.050718750000 0.078812500000
0 0.563929687500 0.474287500000 0.045359375000 0.078825000000
0 0.337148437500 0.484431250000 0.055078125000 0.078812500000
0 0.478835937500 0.489893750000 0.039046875000 0.078812500000
0 0.433214843750 0.478193750000 0.044398437500 0.092862500000
