0 0.143750000000 0.560495307612 0.021944444444 0.246746611053
0 0.125520833333 0.578175182482 0.021597222222 0.285568300313
0 0.080840277778 0.588519290928 0.066666666667 0.319937434828
0 0.478819444444 0.550052137643 0.047916666667 0.232533889468
0 0.226267361111 0.547200208551 0.052479166667 0.238112617310
0 0.273611111111 0.542919708029 0.042208333333 0.226110531804
0 0.172079861111 0.564332638165 0.037645833333 0.231251303441
0 0.319097222222 0.547966631908 0.045138888889 0.217935349322
0 0.359027777778 0.540667361835 0.044444444444 0.226277372263
0 0.396875000000 0.546402502607 0.043750000000 0.221063607925
0 0.438888888889 0.546923879041 0.045833333333 0.224191866528
0 0.642708333333 0.565693430657 0.042361111111 0.245046923879
0 0.751041666667 0.570907194995 0.045138888889 0.267987486966
0 0.906944444444 0.620959332638 0.080555555556 0.322210636079
0 0.783680555556 0.577685088634 0.059027777778 0.275286757039
0 0.529166666667 0.546923879041 0.054166666667 0.255474452555
0 0.577777777778 0.553180396246 0.051388888889 0.259645464025
0 0.864930555556 0.612617309698 0.065972222222 0.284671532847
0 0.682638888889 0.572471324296 0.051388888889 0.256517205422
