0 0.584027777778 0.558333333333 0.066666666667 0.233333333333
0 0.383333333333 0.381481481481 0.056944444444 0.185185185185
0 0.680902777778 0.546296296296 0.046527777778 0.244444444444
0 0.781597222222 0.557870370370 0.070138888889 0.260185185185
0 0.443822916667 0.358944444444 0.041881944444 0.145481481481
0 0.466354166667 0.299629629630 0.029097222222 0.047222222222
0 0.430902777778 0.542592592593 0.057638888889 0.246296296296
0 0.888888888889 0.568981481481 0.069444444444 0.247222222222
0 0.050000000000 0.561111111111 0.094444444444 0.275925925926
0 0.952430555556 0.575925925926 0.072916666667 0.250000000000
0 0.694885416667 0.403509259259 0.045187500000 0.069074074074
0 0.644736111111 0.388078703704 0.046291666667 0.094046296296
0 0.337791666667 0.364569444444 0.042986111111 0.117564814815
0 0.292604166667 0.385138888889 0.058416666667 0.082296296296
0 0.595142361111 0.362365740741 0.048493055556 0.139601851852
0 0.559871527778 0.349870370370 0.035270833333 0.158703703704
0 0.527357638889 0.360157407407 0.042979166667 0.144018518519
0 0.406923611111 0.310870370370 0.034069444444 0.050666666667
0 0.252513888889 0.430041666667 0.058416666667 0.065101851852
0 0.832638888889 0.563425925926 0.065277777778 0.250925925926
0 0.257638888889 0.552407407407 0.059722222222 0.236111111111
0 0.488871527778 0.354041666667 0.045187500000 0.146953703704
0 0.725694444444 0.554166666667 0.065277777778 0.256481481481
0 0.358333333333 0.548611111111 0.073611111111 0.245370370370
0 0.130555555556 0.557407407407 0.073611111111 0.248148148148
0 0.197222222222 0.556944444444 0.076388888889 0.250925925926
0 0.639236111111 0.558796296296 0.065972222222 0.239814814815
0 0.305902777778 0.552314814815 0.050694444444 0.234259259259
0 0.484375000000 0.555092592593 0.050694444444 0.223148148148
0 0.533333333333 0.549074074074 0.056944444444 0.238888888889
