0 0.863568464730 0.712982093664 0.030539419087 0.142079889807
0 0.539419087137 0.675619834711 0.029045643154 0.106060606061
0 0.235243775934 0.706418732782 0.035881742739 0.153250688705
0 0.693983402490 0.708677685950 0.033195020747 0.144628099174
0 0.738589211618 0.712121212121 0.037344398340 0.154269972452
0 0.781639004149 0.721790633609 0.036307053942 0.152892561983
0 0.848200207469 0.703567493113 0.024968879668 0.125344352617
0 0.829356846473 0.711432506887 0.038381742739 0.125344352617
0 0.873796680498 0.709814049587 0.028962655602 0.142024793388
0 0.710938796680 0.666976584022 0.017956431535 0.075137741047
0 0.810062240664 0.658140495868 0.021161825726 0.051212121212
