0 0.320833333333 0.722222222222 0.061111111111 0.358024691358
0 0.273611111111 0.746913580247 0.086111111111 0.313580246914
0 0.955555555556 0.783950617284 0.083333333333 0.382716049383
0 0.477083333333 0.900000000000 0.123611111111 0.200000000000
0 0.075694444444 0.739506172840 0.084722222222 0.303703703704
0 0.711805555556 0.902469135802 0.140277777778 0.195061728395
0 0.286111111111 0.897530864198 0.130555555556 0.204938271605
0 0.733333333333 0.759259259259 0.080555555556 0.343209876543
0 0.623611111111 0.793827160494 0.086111111111 0.407407407407
0 0.230555555556 0.716049382716 0.066666666667 0.365432098765
0 0.390277777778 0.792592592593 0.086111111111 0.414814814815
0 0.171527777778 0.796296296296 0.084722222222 0.407407407407
0 0.015277777778 0.823456790123 0.030555555556 0.348148148148
0 0.905555555556 0.901234567901 0.125000000000 0.197530864198
0 0.502777777778 0.772839506173 0.083333333333 0.360493827160
0 0.095833333333 0.890123456790 0.122222222222 0.219753086420
0 0.850694444444 0.786419753086 0.093055555556 0.417283950617
