0 0.815023474178 0.914084507042 0.199061032864 0.169014084507
0 0.613615023474 0.832394366197 0.183098591549 0.323943661972
0 0.928638497653 0.827464788732 0.127699530516 0.319718309859
0 0.070422535211 0.877464788732 0.140845070423 0.239436619718
0 0.493896713615 0.857746478873 0.133333333333 0.278873239437
0 0.614084507042 0.899295774648 0.150234741784 0.195774647887
0 0.020657276995 0.883098591549 0.041314553991 0.135211267606
0 0.767136150235 0.690845070423 0.082629107981 0.083098591549
0 0.980281690141 0.823943661972 0.039436619718 0.180281690141
0 0.846948356808 0.728169014085 0.076995305164 0.180281690141
0 0.067605633803 0.790845070423 0.080751173709 0.159154929577
0 0.979812206573 0.683802816901 0.040375586854 0.102816901408
0 0.666666666667 0.840140845070 0.110798122066 0.311267605634
