0 0.385156250000 0.662983425414 0.060937500000 0.270718232044
0 0.792968750000 0.701657458564 0.051562500000 0.276243093923
0 0.069531250000 0.678176795580 0.067187500000 0.295580110497
0 0.231250000000 0.660220994475 0.068750000000 0.303867403315
0 0.314062500000 0.658839779006 0.065625000000 0.295580110497
0 0.160937500000 0.669889502762 0.065625000000 0.295580110497
0 0.675781250000 0.689226519337 0.054687500000 0.267955801105
0 0.508593750000 0.670165745856 0.048437500000 0.267403314917
0 0.623437500000 0.686464088398 0.056250000000 0.267955801105
0 0.441406250000 0.679558011050 0.048437500000 0.243093922652
0 0.739843750000 0.696132596685 0.045312500000 0.276243093923
0 0.924218750000 0.694751381215 0.060937500000 0.306629834254
