0 0.029513888889 0.525000000000 0.040972222222 0.120370370370
0 0.927430555556 0.585185185185 0.075694444444 0.298148148148
0 0.970833333333 0.607407407407 0.058333333333 0.390740740741
0 0.762500000000 0.534259259259 0.025000000000 0.129629629630
0 0.880902777778 0.557870370370 0.045138888889 0.226851851852
0 0.793750000000 0.574074074074 0.041666666667 0.238888888889
0 0.512500000000 0.533796296296 0.031944444444 0.158333333333
0 0.565625000000 0.545370370370 0.029861111111 0.166666666667
0 0.359375000000 0.531481481481 0.034027777778 0.153703703704
0 0.103125000000 0.520370370370 0.029861111111 0.122222222222
0 0.181597222222 0.519444444444 0.029861111111 0.109259259259
0 0.392361111111 0.534259259259 0.033333333333 0.164814814815
0 0.834027777778 0.597685185185 0.084722222222 0.330555555556
0 0.069444444444 0.521296296296 0.037500000000 0.122222222222
0 0.434027777778 0.539814814815 0.045833333333 0.174074074074
0 0.142361111111 0.596759259259 0.065277777778 0.376851851852
0 0.702083333333 0.581018518519 0.087500000000 0.282407407407
0 0.477777777778 0.544907407407 0.043055555556 0.197222222222
0 0.621875000000 0.566203703704 0.065972222222 0.249074074074
0 0.534027777778 0.556018518519 0.047222222222 0.212037037037
