0 0.630824074074 0.364906250000 0.050722222222 0.081083333333
0 0.885481481481 0.488776041667 0.229037037037 0.421927083333
0 0.231768518519 0.503791666667 0.213537037037 0.430937500000
0 0.120990740741 0.500041666667 0.125462962963 0.438437500000
0 0.049148148148 0.486520833333 0.098296296296 0.417416666667
0 0.333194444444 0.530067708333 0.170833333333 0.414406250000
0 0.447981481481 0.524812500000 0.101444444444 0.391895833333
0 0.480009259259 0.510546875000 0.064055555556 0.363364583333
0 0.534731481481 0.498536458333 0.061388888889 0.336343750000
0 0.581453703704 0.482020833333 0.053388888889 0.309312500000
