0 0.118170859539 0.540220125786 0.062337526205 0.228679245283
0 0.396488469602 0.498003144654 0.059224318658 0.242547169811
0 0.330183438155 0.485864779874 0.066991614256 0.242547169811
0 0.256708595388 0.511305031447 0.063522012579 0.242547169811
0 0.193317610063 0.531540880503 0.060849056604 0.242547169811
0 0.066897274633 0.560165094340 0.048469601677 0.228097484277
0 0.674800838574 0.532091194969 0.073039832285 0.225125786164
0 0.607547169811 0.532672955975 0.060377358491 0.237987421384
0 0.831551362683 0.524606918239 0.079664570231 0.257704402516
0 0.538936058700 0.502955974843 0.072023060797 0.258238993711
0 0.460089098532 0.505518867925 0.065461215933 0.242547169811
0 0.917505241090 0.515904088050 0.077987421384 0.254135220126
0 0.756965408805 0.531556603774 0.066991614256 0.242547169811
