0 0.804402515723 0.639150943396 0.243396226415 0.695283018868
0 0.654989517820 0.241682389937 0.140796645702 0.213867924528
0 0.577295597484 0.177845911950 0.083354297694 0.199968553459
0 0.522311320755 0.291658805031 0.097306079665 0.280518867925
0 0.417767295597 0.155660377358 0.100943396226 0.183333333333
0 0.329926624738 0.299268867925 0.099056603774 0.245801886792
0 0.266561844864 0.221580188679 0.072327044025 0.259669811321
0 0.162002096436 0.483050314465 0.124004192872 0.577295597484
0 0.244811320755 0.617649371069 0.226729559748 0.643946540881
0 0.614308176101 0.570416666667 0.177672955975 0.646588050314
0 0.425628930818 0.560055031447 0.203668763103 0.645298742138
0 0.794654088050 0.265251572327 0.142557651992 0.216666666667
