0 0.442666666667 0.542510121457 0.053333333333 0.182186234818
0 0.539333333333 0.670040485830 0.145333333333 0.558704453441
0 0.703333333333 0.544534412955 0.030666666667 0.198380566802
0 0.604000000000 0.542510121457 0.037333333333 0.178137651822
0 0.450000000000 0.263157894737 0.044000000000 0.129554655870
0 0.374000000000 0.543522267206 0.038666666667 0.192307692308
0 0.343333333333 0.544534412955 0.041333333333 0.202429149798
0 0.405333333333 0.542510121457 0.040000000000 0.182186234818
0 0.676666666667 0.544534412955 0.038666666667 0.198380566802
0 0.642000000000 0.545546558704 0.044000000000 0.188259109312
0 0.727333333333 0.548582995951 0.038666666667 0.218623481781
0 0.577333333333 0.264170040486 0.050666666667 0.131578947368
0 0.312666666667 0.544534412955 0.049333333333 0.218623481781
