0 0.792204861111 0.296296296296 0.059594907407 0.282510288066
0 0.674809027778 0.685051440329 0.368391203704 0.629897119342
0 0.090619212963 0.321954732510 0.059594907407 0.282510288066
0 0.155653935185 0.288271604938 0.059594907407 0.282510288066
0 0.229693287037 0.272222222222 0.059594907407 0.282510288066
0 0.292893518519 0.257777777778 0.059583333333 0.282510288066
0 0.365549768519 0.230514403292 0.062349537037 0.298641975309
0 0.430133101852 0.240102880658 0.059594907407 0.282510288066
0 0.645028935185 0.256162551440 0.059594907407 0.282530864198
0 0.711846064815 0.266563786008 0.059594907407 0.219958847737
0 0.584531250000 0.260987654321 0.059594907407 0.266419753086
0 0.491533564815 0.242469135802 0.059594907407 0.261563786008
0 0.874820601852 0.292273662551 0.067719907407 0.312983539095
