0 0.702667824074 0.764012345679 0.154849537037 0.471975308642
0 0.911765046296 0.198497942387 0.103622685185 0.295390946502
0 0.928287037037 0.772849794239 0.119120370370 0.446481481481
0 0.644340277778 0.326162551440 0.038217592593 0.152613168724
0 0.589716435185 0.326759259259 0.028761574074 0.141831275720
0 0.850034722222 0.781995884774 0.148773148148 0.436008230453
0 0.753958333333 0.262016460905 0.141412037037 0.451193415638
0 0.240682870370 0.739269547325 0.076736111111 0.374547325103
0 0.541151620370 0.326759259259 0.028761574074 0.141831275720
0 0.483148148148 0.320771604938 0.028750000000 0.141831275720
0 0.436614583333 0.329146090535 0.028761574074 0.141831275720
0 0.393443287037 0.332746913580 0.028761574074 0.141831275720
0 0.347575231481 0.338199588477 0.028761574074 0.141831275720
0 0.219403935185 0.275216049383 0.105706018519 0.426111111111
0 0.081539351852 0.291347736626 0.127893518519 0.386440329218
