0 0.468081761006 0.494213836478 0.115828092243 0.590188679245
0 0.845964360587 0.506179245283 0.114360587002 0.609968553459
0 0.244580712788 0.281265723270 0.066813417191 0.236839622642
0 0.099507337526 0.500463836478 0.111048218029 0.581965408805
0 0.288784067086 0.318058176101 0.093081761006 0.219229559748
0 0.408988469602 0.241933962264 0.070911949686 0.166446540881
0 0.662180293501 0.327429245283 0.113039832285 0.279418238994
0 0.524753668763 0.243474842767 0.062023060797 0.119654088050
0 0.187211740042 0.584386792453 0.187002096436 0.679339622642
0 0.360639412998 0.562649371069 0.175995807128 0.693883647799
0 0.740618448637 0.595298742138 0.174528301887 0.705314465409
0 0.562421383648 0.599944968553 0.170545073375 0.735330188679
