0 0.284171907757 0.317555031447 0.056603773585 0.330393081761
0 0.859889937107 0.442413522013 0.170283018868 0.585644654088
0 0.549612159329 0.620589622642 0.317400419287 0.756053459119
0 0.639360587002 0.225290880503 0.060272536688 0.154135220126
0 0.341928721174 0.302319182390 0.059329140461 0.294261006289
0 0.803039832285 0.326548742138 0.088050314465 0.339984276730
0 0.724423480084 0.296053459119 0.075052410901 0.312295597484
0 0.561163522013 0.219811320755 0.057547169811 0.140251572327
0 0.133438155136 0.366116352201 0.128721174004 0.541352201258
0 0.213417190776 0.314150943396 0.092662473795 0.423270440252
0 0.483018867925 0.281470125786 0.054716981132 0.261053459119
0 0.409014675052 0.288474842767 0.062054507338 0.260911949686
