0 0.511607142857 0.506349206349 0.032142857143 0.120634920635
0 0.807142857143 0.888095238095 0.060714285714 0.134920634921
0 0.745535714286 0.788095238095 0.055357142857 0.138095238095
0 0.638839285714 0.631746031746 0.029464285714 0.123809523810
0 0.601785714286 0.563492063492 0.033928571429 0.133333333333
0 0.256250000000 0.662698412698 0.053571428571 0.198412698413
0 0.370982142857 0.517460317460 0.041964285714 0.136507936508
0 0.329464285714 0.558730158730 0.041071428571 0.126984126984
0 0.229464285714 0.791269841270 0.044642857143 0.192063492063
0 0.556696428571 0.534920634921 0.036607142857 0.117460317460
0 0.691071428571 0.693650793651 0.037500000000 0.130158730159
0 0.201339285714 0.888888888889 0.050892857143 0.133333333333
0 0.416071428571 0.508730158730 0.035714285714 0.115873015873
0 0.461160714286 0.503968253968 0.034821428571 0.112698412698
