0 0.705236979167 0.626273148148 0.015890625000 0.042805555556
0 0.732020833333 0.615495370370 0.017364583333 0.038731481481
0 0.690984375000 0.619138888889 0.016218750000 0.044259259259
0 0.609901041667 0.662236111111 0.014906250000 0.084453703704
0 0.601708333333 0.655976851852 0.014906250000 0.092898148148
0 0.593682291667 0.640837962963 0.012614583333 0.086490740741
0 0.642661458333 0.632972222222 0.016875000000 0.070185185185
0 0.681976562500 0.613606481481 0.014255208333 0.046601851852
0 0.722273437500 0.609092592593 0.014578125000 0.039314814815
0 0.707364583333 0.598754629630 0.015562500000 0.033194444444
0 0.696966145833 0.588125000000 0.012776041667 0.027083333333
0 0.668872395833 0.599773148148 0.014578125000 0.037564814815
0 0.634471354167 0.614773148148 0.015557291667 0.048342592593
0 0.448632812500 0.687717592593 0.025880208333 0.033490740741
0 0.450351562500 0.670393518519 0.024734375000 0.038435185185
0 0.450679687500 0.652773148148 0.022765625000 0.033490740741
0 0.351494791667 0.646662037037 0.013760416667 0.091731481481
0 0.214549479167 0.609819444444 0.014411458333 0.033194444444
0 0.155661458333 0.618995370370 0.017854166667 0.041064814815
0 0.124700520833 0.607347222222 0.014578125000 0.034657407407
0 0.171549479167 0.608217592593 0.016869791667 0.033490740741
0 0.359276041667 0.637342592593 0.014250000000 0.085907407407
0 0.875937500000 0.674138888889 0.021614583333 0.059851851852
0 0.830031250000 0.648462962963 0.018937500000 0.053388888889
0 0.809661458333 0.632467592593 0.017979166667 0.040435185185
0 0.794359375000 0.625685185185 0.020656250000 0.048629629630
0 0.257075520833 0.623967592593 0.012619791667 0.059472222222
0 0.267596354167 0.611398148148 0.014536458333 0.055425925926
0 0.227906250000 0.603921296296 0.014343750000 0.039787037037
0 0.187166666667 0.604087962963 0.017020833333 0.045564814815
0 0.139442708333 0.602560185185 0.014916666667 0.044546296296
0 0.199216145833 0.593722222222 0.015494791667 0.040462962963
0 0.277731770833 0.601370370370 0.013005208333 0.054407407407
0 0.306807291667 0.631958333333 0.015302083333 0.074787037037
0 0.314934895833 0.619902777778 0.014723958333 0.068342592593
0 0.503046875000 0.657777777778 0.014479166667 0.095759259259
0 0.501309895833 0.644560185185 0.016796875000 0.084435185185
0 0.451302083333 0.638384259259 0.020270833333 0.026768518519
0 0.451398437500 0.624652777778 0.018536458333 0.026083333333
0 0.624007812500 0.609037037037 0.015057291667 0.053203703704
0 0.584429687500 0.629976851852 0.015057291667 0.079287037037
0 0.578252604167 0.615731481481 0.013901041667 0.066592592593
0 0.658375000000 0.595819444444 0.015447916667 0.045305555556
0 0.615416666667 0.598564814815 0.014864583333 0.048055555556
0 0.537994791667 0.635120370370 0.011781250000 0.084777777778
0 0.499572916667 0.635981481481 0.014864583333 0.085814814815
0 0.452078125000 0.613842592593 0.019114583333 0.020944444444
0 0.363148437500 0.626768518519 0.011671875000 0.082277777778
0 0.399528645833 0.649194444444 0.012296875000 0.087833333333
0 0.532846354167 0.622138888889 0.013755208333 0.077462962963
0 0.528885416667 0.613601851852 0.012093750000 0.072240740741
0 0.700968750000 0.573888888889 0.011927083333 0.031277777778
0 0.714252604167 0.582597222222 0.012515625000 0.040305555556
0 0.724523437500 0.585328703704 0.013463541667 0.031916666667
0 0.736333333333 0.589527777778 0.012281250000 0.030222222222
0 0.748317708333 0.600337962963 0.012395833333 0.040101851852
0 0.761721354167 0.602750000000 0.014640625000 0.034425925926
0 0.776302083333 0.616291666667 0.014520833333 0.045972222222
0 0.008286458333 0.760472222222 0.016572916667 0.143425925926
0 0.005476562500 0.686157407407 0.010953125000 0.067796296296
0 0.921880208333 0.720277777778 0.020989583333 0.083333333333
0 0.899765625000 0.715930555556 0.021197916667 0.117379629630
0 0.850255208333 0.725166666667 0.022437500000 0.122092592593
0 0.875820312500 0.745092592593 0.022619791667 0.129333333333
0 0.795132812500 0.734407407407 0.024276041667 0.126074074074
0 0.819578125000 0.754513888889 0.023843750000 0.137305555556
0 0.695572916667 0.699625000000 0.022822916667 0.110861111111
0 0.715544270833 0.720638888889 0.024046875000 0.118111111111
0 0.735924479167 0.741111111111 0.026901041667 0.129333333333
0 0.759458333333 0.762666666667 0.027510416667 0.141296296296
0 0.631583333333 0.701254629630 0.023229166667 0.113398148148
0 0.650739583333 0.724439814815 0.022010416667 0.125712962963
0 0.663578125000 0.747449074074 0.027312500000 0.134046296296
0 0.681307291667 0.770638888889 0.028125000000 0.147814814815
0 0.581453125000 0.731509259259 0.025270833333 0.126074074074
0 0.602236979167 0.777337962963 0.033828125000 0.147453703704
0 0.529398437500 0.781333333333 0.031182291667 0.151277777778
0 0.448203125000 0.782486111111 0.032041666667 0.155120370370
0 0.202492187500 0.624606481481 0.015005208333 0.045916666667
0 0.247291666667 0.629097222222 0.016593750000 0.056435185185
0 0.299880208333 0.641023148148 0.016447916667 0.081305555556
0 0.337606770833 0.675777777778 0.015151041667 0.105666666667
0 0.345182291667 0.661925925926 0.012697916667 0.096444444444
0 0.380815104167 0.708481481481 0.017890625000 0.119777777778
0 0.385578125000 0.692708333333 0.015583333333 0.110287037037
0 0.391276041667 0.675523148148 0.013416666667 0.103620370370
0 0.393585937500 0.660013888889 0.013130208333 0.097750000000
0 0.447755208333 0.717328703704 0.028552083333 0.053342592593
0 0.509869791667 0.689763888889 0.022072916667 0.111564814815
0 0.506408854167 0.675523148148 0.014859375000 0.104138888889
0 0.554958333333 0.673212962963 0.013270833333 0.101574074074
0 0.547958333333 0.657694444444 0.013416666667 0.092074074074
0 0.542619791667 0.643717592593 0.012552083333 0.084638888889
0 0.620458333333 0.685013888889 0.018468750000 0.103620370370
0 0.683218750000 0.666671296296 0.019625000000 0.070027777778
0 0.668791666667 0.651282407407 0.016156250000 0.063861111111
0 0.653593750000 0.637462962963 0.015958333333 0.057277777778
0 0.754877604167 0.676726851852 0.017567708333 0.070490740741
0 0.804223958333 0.677435185185 0.020093750000 0.082629629630
0 0.849890625000 0.659236111111 0.017666666667 0.052287037037
0 0.571481770833 0.705722222222 0.017244791667 0.114388888889
0 0.560830729167 0.687300925926 0.016234375000 0.106398148148
0 0.519963541667 0.733546296296 0.023187500000 0.130370370370
0 0.028278645833 0.665560185185 0.022328125000 0.062490740741
0 0.051437500000 0.673097222222 0.016541666667 0.092990740741
0 0.079039062500 0.683023148148 0.022119791667 0.076824074074
0 0.099197916667 0.687250000000 0.025229166667 0.108796296296
0 0.130833333333 0.674750000000 0.020677083333 0.055870370370
0 0.150164062500 0.658578703704 0.021296875000 0.052935185185
0 0.185934895833 0.708388888889 0.019640625000 0.119462962963
0 0.202888020833 0.671995370370 0.022536458333 0.069472222222
0 0.279463541667 0.676287037037 0.019187500000 0.104648148148
0 0.827445312500 0.690263888889 0.021265625000 0.076287037037
0 0.776924479167 0.716791666667 0.019703125000 0.115472222222
0 0.154218750000 0.593703703704 0.015927083333 0.036740740741
0 0.167940104167 0.587833333333 0.016265625000 0.037648148148
0 0.177593750000 0.582259259259 0.012875000000 0.034333333333
0 0.186236979167 0.578495370370 0.011859375000 0.038250000000
0 0.196145833333 0.571268518519 0.011354166667 0.035240740741
0 0.209697916667 0.587083333333 0.014062500000 0.035537037037
0 0.219187500000 0.584217592593 0.010333333333 0.037046296296
0 0.228080729167 0.574277777778 0.011182291667 0.029814814815
0 0.240192708333 0.594763888889 0.014395833333 0.038250000000
0 0.249171875000 0.586629629630 0.011010416667 0.034037037037
0 0.258742187500 0.579398148148 0.011182291667 0.028611111111
0 0.265942708333 0.573532407407 0.012031250000 0.023490740741
0 0.273567708333 0.567351851852 0.009656250000 0.025000000000
0 0.285338541667 0.592500000000 0.011520833333 0.044574074074
0 0.291184895833 0.586027777778 0.012703125000 0.043074074074
0 0.298552083333 0.580601851852 0.008468750000 0.040055555556
0 0.305921875000 0.576240740741 0.008302083333 0.040962962963
0 0.263322916667 0.554953703704 0.011583333333 0.022500000000
0 0.321244791667 0.559708333333 0.010208333333 0.036546296296
0 0.321927083333 0.611981481481 0.012385416667 0.067518518519
0 0.329278645833 0.603750000000 0.010755208333 0.066555555556
0 0.334247395833 0.595041666667 0.010619791667 0.058324074074
0 0.338059895833 0.588750000000 0.008713541667 0.053481481481
0 0.342893229167 0.583546296296 0.009119791667 0.055185185185
0 0.371888020833 0.556199074074 0.011026041667 0.036305555556
0 0.521888020833 0.757365740741 0.020286458333 0.136972222222
0 0.367872395833 0.616097222222 0.010348958333 0.075750000000
0 0.373520833333 0.608351851852 0.010208333333 0.075259259259
0 0.377403645833 0.601819444444 0.010619791667 0.068490740741
0 0.380192708333 0.593587962963 0.008572916667 0.065101851852
0 0.383390625000 0.587416666667 0.011437500000 0.062925925926
0 0.403130208333 0.636305555556 0.011708333333 0.083259259259
0 0.405583333333 0.625050925926 0.009802083333 0.078657407407
0 0.409054687500 0.615250000000 0.009119791667 0.074537037037
0 0.411843750000 0.609078703704 0.008166666667 0.070916666667
0 0.413750000000 0.601212962963 0.007625000000 0.069703703704
0 0.409052083333 0.562611111111 0.009666666667 0.036537037037
0 0.411843750000 0.562365740741 0.010614583333 0.022509259259
0 0.452346354167 0.605060185185 0.016765625000 0.022250000000
0 0.452937500000 0.598763888889 0.015583333333 0.023509259259
0 0.452937500000 0.590893518519 0.014645833333 0.024138888889
0 0.452997395833 0.581865740741 0.014286458333 0.019101851852
0 0.453585937500 0.576930555556 0.012869791667 0.019731481481
0 0.453348958333 0.572310185185 0.013343750000 0.023509259259
0 0.498515625000 0.624685185185 0.013697916667 0.078722222222
0 0.496036458333 0.614824074074 0.012989583333 0.073259259259
0 0.493380208333 0.607685185185 0.008854166667 0.073333333333
0 0.492966145833 0.600125000000 0.009213541667 0.067805555556
0 0.492611979167 0.568953703704 0.008026041667 0.018055555556
0 0.488776041667 0.577245370370 0.009562500000 0.060250000000
0 0.506072916667 0.571680555556 0.009447916667 0.059620370370
0 0.525674479167 0.600754629630 0.009921875000 0.060250000000
0 0.520598958333 0.588365740741 0.009208333333 0.057712962963
0 0.517528645833 0.581129629630 0.008026041667 0.053314814815
0 0.572671875000 0.607685185185 0.012281250000 0.065703703704
0 0.568244791667 0.601282407407 0.011218750000 0.063398148148
0 0.562929687500 0.594986111111 0.009088541667 0.060453703704
0 0.559151041667 0.588268518519 0.010510416667 0.060462962963
0 0.556966145833 0.583018518519 0.011807291667 0.058351851852
0 0.551596354167 0.572106481481 0.009328125000 0.057101851852
0 0.607919270833 0.589837962963 0.009088541667 0.039675925926
0 0.604315104167 0.584277777778 0.008265625000 0.039888888889
0 0.601010416667 0.579240740741 0.008739583333 0.036944444444
0 0.596997395833 0.575879629630 0.009213541667 0.039888888889
0 0.651432291667 0.587740740741 0.010395833333 0.038833333333
0 0.643223958333 0.582282407407 0.010510416667 0.034638888889
0 0.636083333333 0.578925925926 0.009447916667 0.038407407407
0 0.629882812500 0.570740740741 0.009088541667 0.030444444444
0 0.624096354167 0.556467592593 0.007671875000 0.043453703704
0 0.688156250000 0.585541666667 0.012041666667 0.035268518519
0 0.678531250000 0.581550925926 0.011687500000 0.039046296296
0 0.668494791667 0.571893518519 0.010270833333 0.026861111111
0 0.661882812500 0.567902777778 0.008380208333 0.026027777778
0 0.693411458333 0.562449074074 0.009802083333 0.025194444444
0 0.374619791667 0.732916666667 0.017552083333 0.129000000000
0 0.367890625000 0.757884259259 0.021260416667 0.138009259259
0 0.328166666667 0.694814814815 0.018843750000 0.112703703704
0 0.318856770833 0.712157407407 0.020171875000 0.119018518519
0 0.289635416667 0.659361111111 0.017312500000 0.099518518519
0 0.217929687500 0.658208333333 0.018755208333 0.067972222222
0 0.231997395833 0.643847222222 0.018901041667 0.060787037037
0 0.170752604167 0.651537037037 0.018755208333 0.060277777778
0 0.120687500000 0.650768518519 0.017312500000 0.061814814815
0 0.137278645833 0.636023148148 0.015869791667 0.051805555556
0 0.073656250000 0.644486111111 0.019041666667 0.055398148148
0 0.091257812500 0.634865740741 0.016734375000 0.056175925926
0 0.108424479167 0.623708333333 0.017890625000 0.055916666667
0 0.188138020833 0.632689814815 0.016307291667 0.045138888889
0 0.259296875000 0.875185185185 0.039531250000 0.160000000000
0 0.108075520833 0.726250000000 0.023463541667 0.126574074074
0 0.029812500000 0.739763888889 0.024802083333 0.130842592593
0 0.060078125000 0.767259259259 0.027197916667 0.147907407407
0 0.084609375000 0.745925925926 0.023468750000 0.143166666667
0 0.142338541667 0.735967592593 0.025333333333 0.112824074074
0 0.164348958333 0.732180555556 0.023489583333 0.127046296296
0 0.125419270833 0.771949074074 0.027838541667 0.149916666667
0 0.250929687500 0.711055555556 0.024286458333 0.121407407407
0 0.267364583333 0.693041666667 0.022458333333 0.110694444444
0 0.234864583333 0.735259259259 0.021729166667 0.132814814815
0 0.217973958333 0.756828703704 0.024104166667 0.146731481481
0 0.203364583333 0.776467592593 0.026291666667 0.156138888889
0 0.308265625000 0.735074074074 0.021000000000 0.131148148148
0 0.294755208333 0.761388888889 0.029395833333 0.142222222222
0 0.358208333333 0.773055555556 0.031770833333 0.134388888889
0 0.736526041667 0.661657407407 0.018510416667 0.068722222222
0 0.720963541667 0.644620370370 0.019166666667 0.052129629630
0 0.785338541667 0.651171296296 0.020145833333 0.048342592593
0 0.766908854167 0.652046296296 0.017036458333 0.073962962963
0 0.751513020833 0.629185185185 0.015067708333 0.047462962963
