0 0.924786458333 0.591314814815 0.124937500000 0.815703703704
0 0.252723958333 0.541375000000 0.050979166667 0.389231481481
0 0.338752604167 0.513861111111 0.021848958333 0.256518518519
0 0.322822916667 0.520740740741 0.032770833333 0.309111111111
0 0.122770833333 0.527217592593 0.035958333333 0.339861111111
0 0.066723958333 0.611217592593 0.133270833333 0.774435185185
0 0.179645833333 0.567268518519 0.092572916667 0.531703703704
0 0.292934895833 0.579925925926 0.091276041667 0.577740740741
0 0.423700520833 0.585101851852 0.087390625000 0.643333333333
0 0.373216145833 0.544976851852 0.051557291667 0.417287037037
0 0.484739583333 0.554000000000 0.055104166667 0.445055555556
0 0.573427083333 0.554162037037 0.061843750000 0.479416666667
0 0.527497395833 0.512527777778 0.030015625000 0.247388888889
0 0.617539062500 0.512125000000 0.026380208333 0.262750000000
0 0.662106770833 0.538393518519 0.042744791667 0.389675925926
0 0.687572916667 0.516569444444 0.022739583333 0.270027777778
0 0.715770833333 0.527884259259 0.040916666667 0.333083333333
0 0.756466145833 0.516972222222 0.029557291667 0.285388888889
0 0.794966145833 0.507884259259 0.027359375000 0.251990740741
0 0.820841145833 0.502902777778 0.024390625000 0.226787037037
0 0.839299479167 0.500263888889 0.023078125000 0.201583333333
