0 0.719627604167 0.340685185185 0.045619791667 0.220611111111
0 0.689666666667 0.295652777778 0.043687500000 0.192398148148
0 0.666666666667 0.223851851852 0.038656250000 0.099648148148
0 0.646369791667 0.211819444444 0.035947916667 0.107212962963
0 0.775682291667 0.398069444444 0.055666666667 0.254287037037
0 0.761179687500 0.303574074074 0.042151041667 0.195870370370
0 0.865177083333 0.405629629630 0.058375000000 0.241907407407
0 0.798302083333 0.322472222222 0.047562500000 0.182814814815
0 0.956989583333 0.411824074074 0.059531250000 0.235055555556
0 0.952864583333 0.337523148148 0.050135416667 0.211175925926
0 0.836302083333 0.302324074074 0.039895833333 0.188462962963
0 0.904645833333 0.283328703704 0.036083333333 0.162972222222
0 0.866807291667 0.247259259259 0.035125000000 0.129425925926
0 0.774609375000 0.527638888889 0.073697916667 0.332314814815
0 0.534718750000 0.334361111111 0.053395833333 0.221851851852
0 0.356572916667 0.542046296296 0.049375000000 0.354388888889
0 0.607783854167 0.300268518519 0.034265625000 0.195018518519
0 0.625700520833 0.339111111111 0.047463541667 0.217944444444
0 0.655093750000 0.373199074074 0.064125000000 0.202287037037
0 0.549830729167 0.372791666667 0.063348958333 0.203509259259
0 0.443588541667 0.268592592593 0.056364583333 0.084685185185
0 0.444427083333 0.395324074074 0.071770833333 0.255092592593
0 0.361911458333 0.266810185185 0.055031250000 0.145527777778
0 0.351408854167 0.312638888889 0.057942708333 0.183333333333
0 0.336554687500 0.396060185185 0.075557291667 0.261657407407
0 0.524591145833 0.280083333333 0.039317708333 0.170185185185
0 0.519635416667 0.202888888889 0.034187500000 0.041333333333
0 0.516216145833 0.237532407407 0.039661458333 0.181120370370
0 0.596559895833 0.266708333333 0.032140625000 0.181120370370
0 0.586473958333 0.240879629630 0.030427083333 0.176870370370
0 0.366802083333 0.218388888889 0.049208333333 0.082055555556
0 0.371427083333 0.199546296296 0.040000000000 0.102722222222
0 0.374846354167 0.182226851852 0.038630208333 0.096027777778
0 0.443223958333 0.231458333333 0.048885416667 0.058342592593
0 0.443393229167 0.211703703704 0.045130208333 0.056518518519
0 0.442882812500 0.187393518519 0.041369791667 0.058953703704
0 0.441513020833 0.169458333333 0.041369791667 0.072935185185
0 0.729893229167 0.265212962963 0.038973958333 0.184203703704
0 0.707843750000 0.189824074074 0.035895833333 0.068685185185
0 0.800833333333 0.219300925926 0.040000000000 0.083879629630
0 0.771260416667 0.192254629630 0.034187500000 0.068675925926
0 0.835877604167 0.198638888889 0.034869791667 0.074148148148
0 0.310763020833 0.217694444444 0.023265625000 0.163351851852
0 0.291861979167 0.229069444444 0.045359375000 0.167490740741
0 0.285901041667 0.264995370370 0.036343750000 0.184546296296
0 0.256822916667 0.294203703704 0.060770833333 0.212981481481
0 0.242283854167 0.333750000000 0.062515625000 0.237277777778
0 0.212479166667 0.401726851852 0.071531250000 0.255361111111
0 0.240630208333 0.170824074074 0.035052083333 0.062944444444
0 0.217630208333 0.199046296296 0.034322916667 0.101259259259
0 0.193348958333 0.241240740741 0.047104166667 0.149296296296
0 0.162679687500 0.297384259259 0.058057291667 0.210953703704
0 0.128723958333 0.336333333333 0.064625000000 0.242111111111
0 0.083268229167 0.404162037037 0.083973958333 0.262231481481
