0 0.263768229167 0.161467592593 0.033723958333 0.073268518519
0 0.842747395833 0.566069444444 0.119984375000 0.473805555556
0 0.951174479167 0.399101851852 0.082119791667 0.321703703704
0 0.672361979167 0.354083333333 0.084088541667 0.271870370370
0 0.637010416667 0.312162037037 0.059864583333 0.275231481481
0 0.617570312500 0.268736111111 0.042317708333 0.247101851852
0 0.607593750000 0.232958333333 0.036812500000 0.215898148148
0 0.758317708333 0.313462962963 0.057687500000 0.278851851852
0 0.721606770833 0.266425925926 0.054828125000 0.247500000000
0 0.832986979167 0.389333333333 0.078151041667 0.342777777778
0 0.907294270833 0.270648148148 0.048307291667 0.233703703704
0 0.808903645833 0.272782407407 0.055140625000 0.242268518519
0 0.532359375000 0.351578703704 0.084197916667 0.272953703704
0 0.393890625000 0.348277777778 0.093687500000 0.278092592593
0 0.254596354167 0.378361111111 0.100703125000 0.345592592593
0 0.293804687500 0.299847222222 0.074286458333 0.283953703704
0 0.314851562500 0.256925925926 0.066036458333 0.242129629630
0 0.408541666667 0.302421296296 0.073468750000 0.272953703704
0 0.226223958333 0.575240740741 0.091062500000 0.511185185185
0 0.096054687500 0.379143518519 0.102651041667 0.331379629630
0 0.157153645833 0.299199074074 0.080817708333 0.295453703704
0 0.032833333333 0.296879629630 0.065500000000 0.300092592593
0 0.076989583333 0.191444444444 0.078208333333 0.126296296296
0 0.524317708333 0.305467592593 0.067812500000 0.282157407407
0 0.520528645833 0.175606481481 0.058796875000 0.075027777778
0 0.517104166667 0.147712962963 0.046895833333 0.043611111111
0 0.691869791667 0.172722222222 0.044364583333 0.094907407407
0 0.668875000000 0.184324074074 0.038291666667 0.118703703704
0 0.935687500000 0.236087962963 0.053666666667 0.212824074074
0 0.898320312500 0.181379629630 0.044109375000 0.112388888889
0 0.868958333333 0.252555555556 0.041583333333 0.153851851852
0 0.858000000000 0.170638888889 0.048322916667 0.086907407407
0 0.771039062500 0.232518518519 0.046921875000 0.213666666667
0 0.819960937500 0.157578703704 0.041098958333 0.065250000000
0 0.193242187500 0.222615740741 0.069723958333 0.194527777778
0 0.228437500000 0.188810185185 0.056041666667 0.128101851852
0 0.332356770833 0.230916666667 0.058380208333 0.209944444444
0 0.418854166667 0.196995370370 0.063281250000 0.107324074074
0 0.423432291667 0.176268518519 0.056625000000 0.091037037037
0 0.429677083333 0.155546296296 0.049125000000 0.059944444444
0 0.357859375000 0.187745370370 0.037052083333 0.124342592593
0 0.966385416667 0.239564814815 0.054010416667 0.111703703704
0 0.989458333333 0.231092592593 0.021083333333 0.156259259259
