0 0.508943514644 0.625943396226 0.084895397490 0.345314465409
0 0.566375523013 0.509583333333 0.094884937238 0.213946540881
0 0.646908995816 0.855196540881 0.138587866109 0.289606918239
0 0.551396443515 0.733860062893 0.099884937238 0.365959119497
0 0.753661087866 0.658789308176 0.129853556485 0.347201257862
0 0.653770920502 0.574331761006 0.127353556485 0.448537735849
0 0.345167364017 0.230290880503 0.106861924686 0.389292452830
0 0.519555439331 0.244960691824 0.091140167364 0.210204402516
0 0.593221757322 0.249654088050 0.093640167364 0.264622641509
0 0.502698744770 0.360385220126 0.084895397490 0.159512578616
0 0.480224895397 0.444842767296 0.097395397490 0.223333333333
