0 0.761151785714 0.652317460317 0.082625000000 0.374349206349
0 0.296691964286 0.648761904762 0.081294642857 0.400412698413
0 0.853116071429 0.648761904762 0.090625000000 0.381460317460
0 0.671191964286 0.642841269841 0.078633928571 0.393301587302
0 0.615218750000 0.667714285714 0.070633928571 0.386222222222
0 0.125437500000 0.667714285714 0.101285714286 0.400412698413
0 0.536598214286 0.672460317460 0.089267857143 0.405142857143
0 0.213397321429 0.659428571429 0.085294642857 0.388571428571
0 0.456625000000 0.655873015873 0.067964285714 0.386190476190
0 0.375325892857 0.662984126984 0.086633928571 0.367238095238
