0 0.482440758294 0.531816037736 0.090331753555 0.143349056604
0 0.581931279621 0.573506289308 0.092962085308 0.152044025157
0 0.687334123223 0.548317610063 0.151872037915 0.143333333333
0 0.518436018957 0.590448113208 0.086398104265 0.052122641509
0 0.470165876777 0.751116352201 0.144075829384 0.159119496855
0 0.256149289100 0.828750000000 0.097417061611 0.155267295597
0 0.371895734597 0.734261006289 0.087440758294 0.181792452830
0 0.309028436019 0.760235849057 0.121563981043 0.136477987421
0 0.496765402844 0.711611635220 0.124004739336 0.209418238994
0 0.427689573460 0.646682389937 0.062440758294 0.064088050314
