0 0.084516601562 0.707452415813 0.108408203125 0.401142020498
0 0.834130859375 0.624963396779 0.077246093750 0.176427525622
0 0.179541015625 0.711493411420 0.087011718750 0.397218155198
0 0.606381835938 0.777401171303 0.108408203125 0.327569546120
0 0.524819335938 0.702174231332 0.108408203125 0.409619326501
0 0.441210937500 0.747291361640 0.090429687500 0.317423133236
0 0.353383789062 0.693777452416 0.098701171875 0.407759882870
0 0.269775390625 0.700980966325 0.084863281250 0.403718887262
0 0.682416992188 0.774136163982 0.108408203125 0.317525622255
0 0.964096679688 0.713235724744 0.071806640625 0.416515373353
0 0.922607421875 0.773938506589 0.104980468750 0.299267935578
0 0.765698242188 0.753953147877 0.108408203125 0.313177159590
