0 0.643447265625 0.566390922401 0.078183593750 0.399780380673
0 0.544326171875 0.563243045388 0.086562500000 0.435358711567
0 0.172973632812 0.576859443631 0.089345703125 0.483499267936
0 0.476621093750 0.569531478770 0.096328125000 0.468843338214
0 0.403325195312 0.589414348463 0.117275390625 0.429077598829
0 0.339106445312 0.582086383602 0.100517578125 0.426983894583
0 0.249760742188 0.581039531479 0.100517578125 0.479326500732
0 0.716040039062 0.556969253294 0.100517578125 0.410248901903
0 0.884267578125 0.556969253294 0.101914062500 0.393499267936
0 0.593886718750 0.569524158126 0.073984375000 0.410234260615
