0 0.286138020833 0.173064814815 0.034046875000 0.097055555556
0 0.261908854167 0.182884259259 0.050609375000 0.116694444444
0 0.208843750000 0.150712962963 0.042020833333 0.050166666667
0 0.174950520833 0.160800925926 0.042942708333 0.070342592593
0 0.986497395833 0.343282407407 0.027005208333 0.211250000000
0 0.428054687500 0.158185185185 0.045911458333 0.055481481481
0 0.426622395833 0.205375000000 0.051651041667 0.096287037037
0 0.517729166667 0.202504629630 0.053083333333 0.071416666667
0 0.514322916667 0.177958333333 0.046270833333 0.047824074074
0 0.510713541667 0.220472222222 0.045125000000 0.192814814815
0 0.827401041667 0.192814814815 0.044000000000 0.083703703704
0 0.793210937500 0.166162037037 0.039515625000 0.070250000000
0 0.060164062500 0.318907407407 0.079880208333 0.273462962963
0 0.107411458333 0.278240740741 0.071604166667 0.236925925926
0 0.147690104167 0.221662037037 0.052713541667 0.170916666667
0 0.140565104167 0.395212962963 0.088182291667 0.294129629630
0 0.187473958333 0.318611111111 0.072604166667 0.270518518519
0 0.212833333333 0.275884259259 0.068291666667 0.241638888889
0 0.277989583333 0.567115740741 0.069302083333 0.433120370370
0 0.284364583333 0.380064814815 0.087375000000 0.287462962963
0 0.408906250000 0.389912037037 0.081052083333 0.298731481481
0 0.310875000000 0.318212962963 0.070020833333 0.257962962963
0 0.329239583333 0.281314814815 0.060885416667 0.230555555556
0 0.533057291667 0.367768518519 0.073145833333 0.244611111111
0 0.522380208333 0.321731481481 0.062864583333 0.255148148148
0 0.656781250000 0.368291666667 0.076000000000 0.240953703704
0 0.625346354167 0.327337962963 0.053942708333 0.250768518519
0 0.607546875000 0.286342592593 0.039916666667 0.222481481481
0 0.597296875000 0.248939814815 0.035062500000 0.202342592593
0 0.586914062500 0.223287037037 0.033171875000 0.194185185185
0 0.341205729167 0.247740740741 0.052057291667 0.198981481481
0 0.247346354167 0.245092592593 0.050432291667 0.210000000000
0 0.734666666667 0.328240740741 0.052166666667 0.251000000000
0 0.702354166667 0.283254629630 0.048791666667 0.223768518519
0 0.676283854167 0.220046296296 0.041807291667 0.147185185185
0 0.654471354167 0.188439814815 0.039192708333 0.117194444444
0 0.798200520833 0.394305555556 0.064182291667 0.294518518519
0 0.722757812500 0.166995370370 0.038307291667 0.081250000000
0 0.747791666667 0.210305555556 0.042677083333 0.129629629630
0 0.781565104167 0.292449074074 0.047713541667 0.225824074074
0 0.904763020833 0.406555555556 0.069276041667 0.281870370370
0 0.825776041667 0.303495370370 0.056812500000 0.197361111111
0 0.867658854167 0.287518518519 0.047244791667 0.214888888889
0 0.904036458333 0.232638888889 0.036520833333 0.154592592593
0 0.949401041667 0.256087962963 0.042031250000 0.158194444444
0 0.798606770833 0.554078703704 0.093557291667 0.405157407407
0 0.022578125000 0.415050925926 0.045156250000 0.267138888889
0 0.421958333333 0.216217592593 0.056677083333 0.086083333333
0 0.865239583333 0.192819444444 0.041197916667 0.116583333333
0 0.416757812500 0.320148148148 0.064921875000 0.248037037037
0 0.356736979167 0.205967592593 0.044380208333 0.162379629630
0 0.351450520833 0.222023148148 0.048765625000 0.194490740741
